osu file format v14

[General]
AudioFilename: miss-wanna-die-english-cover-short.mp3
AudioLeadIn: 0
PreviewTime: -1
Countdown: 0
SampleSet: Normal
StackLeniency: 0.7
Mode: 0
LetterboxInBreaks: 0
WidescreenStoryboard: 0

[Editor]
Bookmarks: 97380
DistanceSpacing: 1
BeatDivisor: 4
GridSize: 16
TimelineZoom: 1

[Metadata]
Title:Jump Training #1
TitleUnicode:Jump Training #1
Artist:Various Artist
ArtistUnicode:Various Artist
Creator:Mikojel
Version:Miss wanna die -  Lvl 1
Source:
Tags:
BeatmapID:1728984
BeatmapSetID:825086

[Difficulty]
HPDrainRate:5
CircleSize:3.5
OverallDifficulty:5
ApproachRate:8.4
SliderMultiplier:1.4
SliderTickRate:1

[Events]
//Background and Video events
0,0,"miss_wanna_die_by_champinouf-dafi6mg.png",0,0
//Break Periods
2,47596,50342
//Storyboard Layer 0 (Background)
//Storyboard Layer 1 (Fail)
//Storyboard Layer 2 (Pass)
//Storyboard Layer 3 (Foreground)
//Storyboard Sound Samples

[TimingPoints]
3760,454.545454545455,4,1,0,100,1,0
15578,-100,4,1,0,30,0,0
18078,-100,4,1,0,60,0,0
51032,-80,4,1,0,80,0,1
67835,454.545454545455,4,1,0,80,1,0
67835,-80,4,1,0,80,0,1
109198,-100,4,1,0,60,0,0


[Colours]
Combo1 : 4,138,210
Combo2 : 248,240,218
Combo3 : 244,32,32

[HitObjects]
256,192,15578,12,0,17850,0:0:0:0:
188,246,18078,5,0,0:0:0:0:
132,175,18305,2,0,P|129:136|144:100,1,70
220,148,18760,1,0,0:0:0:0:
412,182,19214,2,0,B|360:240,1,70
308,289,19669,1,0,0:0:0:0:
282,167,19896,1,0,0:0:0:0:
112,247,20123,6,0,P|119:314|175:351,1,140
302,332,20805,1,0,0:0:0:0:
352,140,21032,2,0,P|391:195|373:261,1,140
304,332,21714,5,0,0:0:0:0:
214,262,21941,2,0,L|154:205,2,70
266,304,22623,1,0,0:0:0:0:
292,197,22850,2,0,L|311:116,2,70
275,263,23532,1,0,0:0:0:0:
187,193,23759,2,0,L|127:136,2,70
238,237,24441,1,0,0:0:0:0:
264,130,24669,2,0,P|287:98|326:77,1,70
424,51,25123,5,0,0:0:0:0:
368,175,25350,1,0,0:0:0:0:
312,299,25578,2,0,L|337:364,1,70
184,324,26032,2,0,L|191:254,1,70
73,266,26487,2,0,L|64:196,1,70
43,43,26941,1,0,0:0:0:0:
127,143,27169,1,0,0:0:0:0:
179,18,27396,6,0,P|253:6|317:22,1,140
428,95,28078,1,0,0:0:0:0:
293,104,28305,2,0,P|224:114|164:149,1,140
271,225,28987,5,0,0:0:0:0:
348,279,29214,2,0,P|399:305|487:310,1,140
447,209,29896,1,0,0:0:0:0:
382,125,30123,2,0,P|331:99|243:94,1,140
138,154,30805,5,0,0:0:0:0:
240,270,31032,1,0,0:0:0:0:
50,153,31487,1,0,0:0:0:0:
321,218,31941,1,0,0:0:0:0:
48,228,32396,1,0,0:0:0:0:
316,150,32850,2,0,P|436:180|326:313,1,350
360,229,34214,5,0,0:0:0:0:
231,239,34441,1,0,0:0:0:0:
127,174,34669,2,0,P|108:238|137:312,1,140
231,239,35350,1,0,0:0:0:0:
331,173,35578,2,0,P|277:129|246:125,1,70
231,239,36032,5,0,0:0:0:0:
187,125,36260,1,0,0:0:0:0:
304,92,36487,2,0,P|338:91|371:103,1,70
430,237,37169,1,0,0:0:0:0:
298,245,37396,2,0,P|269:225|250:196,1,70
220,57,38078,1,0,0:0:0:0:
96,63,38305,2,0,P|63:72|22:163,1,140
106,145,38987,1,0,0:0:0:0:
92,233,39214,2,0,P|126:232|188:155,1,140
202,56,39896,5,0,0:0:0:0:
310,76,40123,2,0,B|391:175|265:195|265:195|136:215|218:314,1,350
316,346,41487,1,0,0:0:0:0:
414,293,41714,1,0,0:0:0:0:
428,194,41941,2,0,P|395:181|360:179,1,70
271,230,42396,2,0,P|236:227|203:215,1,70
132,141,42850,2,0,P|116:109|111:75,1,70
234,73,43305,2,0,P|267:81|298:98,1,70
235,207,43760,1,0,0:0:0:0:
431,207,44441,5,0,0:0:0:0:
419,91,44668,2,0,P|394:66|361:57,1,70
171,50,45350,1,0,0:0:0:0:
197,150,45577,2,0,P|260:174|320:143,1,140
379,92,46260,1,0,0:0:0:0:
257,98,46487,2,0,P|317:66|379:92,1,140
416,183,47169,1,0,0:0:0:0:
453,274,47396,1,0,0:0:0:0:
85,233,51032,6,0,P|52:171|80:126,1,87.5
97,60,51487,1,0,0:0:0:0:
164,203,51714,1,0,0:0:0:0:
215,105,51941,6,0,P|247:166|219:211,1,87.5,0|0,2:0|2:0,2:0:0:0:
173,312,52396,1,0,0:0:0:0:
97,205,52623,1,0,0:0:0:0:
47,340,52850,6,0,P|87:358|131:361,1,87.5
240,326,53305,1,0,0:0:0:0:
147,196,53532,1,0,0:0:0:0:
142,344,53760,1,0,0:0:0:0:
251,184,53987,1,0,0:0:0:0:
271,305,54214,1,0,0:0:0:0:
164,128,54441,1,0,0:0:0:0:
135,262,54669,6,0,P|203:207|289:197,1,175
395,226,55350,1,0,0:0:0:0:
254,149,55578,1,0,0:0:0:0:
331,282,55805,1,0,0:0:0:0:
177,231,56032,5,0,0:0:0:0:
348,177,56260,1,0,0:0:0:0:
274,104,56487,2,0,P|232:91|192:104,1,87.5
103,174,56941,1,0,0:0:0:0:
183,296,57169,1,0,0:0:0:0:
206,170,57396,1,0,0:0:0:0:
69,264,57623,1,0,0:0:0:0:
234,283,57850,6,0,P|277:282|310:254,1,87.5
247,193,58305,2,0,P|279:164|322:163,1,87.5
416,230,58760,5,0,0:0:0:0:
470,115,58987,1,0,0:0:0:0:
482,277,59214,2,0,P|492:215|481:181,1,87.5
376,125,59669,1,0,0:0:0:0:
333,274,59896,1,0,0:0:0:0:
209,224,60123,2,0,P|178:188|183:119,1,87.5
190,39,60578,5,0,0:0:0:0:
297,170,60805,1,0,0:0:0:0:
140,111,61032,1,0,0:0:0:0:
324,99,61260,1,0,0:0:0:0:
220,237,61487,1,0,0:0:0:0:
230,84,61714,1,0,0:0:0:0:
303,276,61941,2,0,P|334:241|339:198,1,87.5
183,207,62396,5,0,0:0:0:0:
97,129,62623,1,0,0:0:0:0:
72,242,62850,2,0,P|115:200|136:171,1,87.5
237,141,63305,5,0,0:0:0:0:
146,68,63532,1,0,0:0:0:0:
254,24,63759,2,0,P|229:61|199:93,1,87.5
120,168,64214,2,0,P|144:205|174:237,1,87.5
265,288,64669,2,0,P|288:250|306:210,1,87.5
329,105,65123,2,0,P|369:122|411:132,1,87.5
408,211,65578,6,0,P|365:222|322:227,1,87.5
209,215,66032,1,0,0:0:0:0:
291,307,66260,1,0,0:0:0:0:
151,294,66487,2,0,P|187:331|227:343,1,87.5
357,335,66941,1,0,0:0:0:0:
426,247,67169,1,0,0:0:0:0:
430,147,67396,2,0,P|390:112|327:103,1,87.5
257,102,67835,5,0,0:0:0:0:
154,197,68062,1,0,0:0:0:0:
300,176,68289,1,0,0:0:0:0:
119,127,68516,1,0,0:0:0:0:
215,233,68744,1,0,0:0:0:0:
202,64,68971,1,0,0:0:0:0:
304,128,69198,2,0,P|329:153|336:208,1,87.5
289,310,69653,5,0,0:0:0:0:
396,218,69880,1,0,0:0:0:0:
319,119,70107,2,0,P|285:113|226:120,1,87.5
145,177,70562,5,0,0:0:0:0:
289,209,70789,1,0,0:0:0:0:
172,86,71016,1,0,0:0:0:0:
294,104,71244,1,0,0:0:0:0:
316,251,71471,5,0,0:0:0:0:
395,95,71698,1,0,0:0:0:0:
405,230,71925,1,0,0:0:0:0:
262,157,72153,1,0,0:0:0:0:
307,287,72380,1,0,0:0:0:0:
430,190,72607,1,0,0:0:0:0:
354,346,72835,2,0,P|324:363|271:349,1,87.5
199,296,73289,5,0,0:0:0:0:
261,204,73516,1,0,0:0:0:0:
144,186,73744,2,0,P|120:160|120:106,1,87.5
185,43,74198,1,0,0:0:0:0:
273,134,74425,1,0,0:0:0:0:
165,162,74653,2,0,P|184:132|229:97,1,87.5
339,60,75107,5,0,0:0:0:0:
418,172,75335,1,0,0:0:0:0:
287,227,75562,1,0,0:0:0:0:
333,138,75789,1,0,0:0:0:0:
399,271,76016,1,0,0:0:0:0:
259,303,76244,1,0,0:0:0:0:
163,220,76471,2,0,P|130:233|106:283,1,87.5
176,348,76925,5,0,0:0:0:0:
305,351,77153,1,0,0:0:0:0:
417,281,77380,2,0,P|431:249|417:199,1,87.5
336,139,77835,1,0,0:0:0:0:
207,136,78063,1,0,0:0:0:0:
119,247,78289,6,0,P|150:291|196:320,1,87.5
237,234,78744,2,0,P|287:215|327:178,1,87.5
250,103,79198,2,0,P|289:84|332:79,1,87.5
410,121,79653,2,0,P|426:160|430:189,3,43.75
434,191,80107,6,0,P|393:212|349:206,1,87.5
269,121,80562,5,0,0:0:0:0:
268,255,80789,1,0,0:0:0:0:
304,96,81016,2,0,P|268:75|231:95,1,87.5
230,264,81471,5,0,0:0:0:0:
312,126,81698,1,0,0:0:0:0:
177,283,81925,2,0,P|200:318|242:318,1,87.5
351,158,82380,5,0,0:0:0:0:
188,250,82607,1,0,0:0:0:0:
408,163,82835,2,0,P|408:121|373:98,1,87.5
155,322,83289,5,0,0:0:0:0:
66,191,83516,1,0,0:0:0:0:
250,302,83744,2,0,P|272:262|269:217,1,87.5
164,107,84198,1,0,0:0:0:0:
368,115,84425,1,0,0:0:0:0:
268,1,84653,2,0,L|267:124,1,87.5
264,266,85107,5,0,0:0:0:0:
419,172,85335,1,0,0:0:0:0:
418,346,85562,1,0,0:0:0:0:
274,180,85789,1,0,0:0:0:0:
473,248,86016,1,0,0:0:0:0:
250,323,86244,1,0,0:0:0:0:
115,175,86471,2,0,P|89:225|102:270,1,87.5
135,310,86925,6,0,P|179:344|226:339,1,87.5
275,323,87380,6,0,P|316:284|293:173,1,175
123,142,88062,1,0,0:0:0:0:
279,178,88289,2,0,P|307:257|255:323,1,175
75,298,88971,1,0,0:0:0:0:
229,324,89198,2,0,P|270:285|247:174,1,175
57,141,89880,1,0,0:0:0:0:
222,182,90107,2,0,P|265:180|296:150,1,87.5
230,99,90562,2,0,P|261:69|303:67,1,87.5
366,105,91016,2,0,P|390:207|343:251,2,175
92,155,92380,5,0,0:0:0:0:
268,178,92607,1,0,0:0:0:0:
369,104,92835,2,0,P|357:264|197:280,1,350
266,176,94198,6,0,P|246:136|195:106,1,87.5
85,113,94653,1,0,0:0:0:0:
207,182,94880,1,0,0:0:0:0:
72,252,95107,1,0,0:0:0:0:
151,110,95335,1,0,0:0:0:0:
290,180,95562,1,0,0:0:0:0:
156,264,95789,1,0,0:0:0:0:
69,155,96016,5,0,0:0:0:0:
216,183,96244,1,0,0:0:0:0:
88,297,96471,1,0,0:0:0:0:
242,194,96698,1,0,0:0:0:0:
263,345,96925,1,0,0:0:0:0:
130,224,97153,1,0,0:0:0:0:
304,233,97380,6,0,P|387:213|430:140,2,175
244,130,98744,5,0,0:0:0:0:
133,188,98971,1,0,0:0:0:0:
229,220,99198,2,0,P|256:256|256:304,1,87.5
192,128,99653,5,0,0:0:0:0:
320,128,99880,1,0,0:0:0:0:
256,208,100107,2,0,L|254:302,1,87.5
268,130,100562,5,0,0:0:0:0:
379,188,100789,1,0,0:0:0:0:
282,220,101016,2,0,P|256:256|256:304,1,87.5
365,346,101471,5,0,0:0:0:0:
473,327,101698,1,0,0:0:0:0:
478,211,101925,2,0,P|465:169|433:140,1,87.5
325,91,102380,1,0,0:0:0:0:
242,172,102607,1,0,0:0:0:0:
318,261,102834,2,0,P|313:304|288:339,1,87.5
146,337,103289,5,0,0:0:0:0:
72,237,103516,1,0,0:0:0:0:
216,217,103743,2,0,P|252:193|272:155,1,87.5
286,54,104198,1,0,0:0:0:0:
394,35,104425,1,0,0:0:0:0:
364,150,104652,2,0,P|358:193|374:233,1,87.5
310,316,105107,6,0,P|230:332|202:257,2,175
370,212,106244,1,0,0:0:0:0:
311,103,106471,2,0,P|275:78|232:74,2,87.5
370,212,107153,1,0,0:0:0:0:
370,212,107266,1,0,0:0:0:0:
370,212,107380,2,0,P|336:287|253:289,1,175
152,199,108062,1,0,0:0:0:0:
182,79,108289,2,0,P|215:51|256:36,1,87.5
350,43,108744,5,0,0:0:0:0:
482,178,108971,1,0,0:0:0:0:
320,221,109198,1,0,0:0:0:0:
256,192,109312,12,0,111471,0:0:0:0:
