[Events]
//Background and Video events
//Storyboard Layer 0 (Background)
Sprite,Background,Centre,"BG.jpg",0,0
Sprite,Background,Centre,"SB\black.jpg",320,240
 M,0,413,,320,240
 S,0,413,,0.6449032
 F,0,413,787,0,0.36
 F,0,787,12304,0.36,0.3552261
 F,0,12304,12398,0.3552261,0
 F,0,12398,12772,0,0.3551876
 F,0,12772,21386,0.3551876
 F,0,21386,22884,0.3551876,1
 F,0,22884,24383,1,0
Sprite,Background,Centre,"BG.jpg",320,240
 S,0,48380,,0.6449032
 F,0,48380,94891,1
 M,0,48380,106894,320,240
 F,0,94891,96251,1,0
 F,0,96392,106894,1
 F,0,106894,107644,1,0.6407741
 F,0,107644,108395,0.6407741,0
Sprite,Background,Centre,"BG.jpg",320,240
 M,0,413,,320,240
 S,0,413,,0.6449032
 F,0,413,787,0,1
 F,0,787,21386,1,0.9893048
 F,0,21386,22884,0.9893048,0
//Storyboard Layer 1 (Fail)
//Storyboard Layer 2 (Pass)
//Storyboard Layer 3 (Foreground)
Animation,Foreground,Centre,"SB\fuz.jpg",320,240,4,50,LoopForever
 M,0,22884,,320,240
 S,0,22884,,0.6449032
 F,0,22884,24383,0,0.933363
 F,0,24383,45379,0.933363,1
Sprite,Foreground,Centre,"SB\right.jpg",320,240
 M,0,45566,,320,240
 S,0,45566,,0.6449031
 F,0,45566,45848,1,0.1474164
 F,0,45941,46270,1,0
 F,0,46692,46973,1,0
 F,0,47067,47395,1,0
Sprite,Foreground,Centre,"SB\white.jpg",320,240
 M,0,48380,,320,240
 S,0,48380,,0.6449032
 F,0,48380,48755,0.8389677,0
Sprite,Foreground,Centre,"SB\black.jpg",320,240
 M,0,70885,,320,240
 S,0,70885,,0.6449032
 F,0,70885,71635,0,0.4500645
 F,0,71635,72386,0.4500645,1
Sprite,Foreground,Centre,"SB\white.jpg",320,240
 M,0,72386,,320,240
 S,0,72386,,0.6449032
 F,0,72386,72761,0.8505806,0
Sprite,Foreground,Centre,"SB\left.jpg",320,240
 M,0,45379,,320,240
 S,0,45379,,0.6449032
 F,0,45379,45660,1,0
 F,0,45754,46035,1,0
 F,0,46129,46410,1,0
 F,0,46504,46785,1,0
 F,0,46879,47160,1,0
 F,0,47254,47536,1,0
 F,0,96392,96767,1,0
 F,0,97142,97470,1,0
 F,0,99017,99298,1,0
 F,0,99392,99767,1,0
 F,0,100142,100518,1,0
 F,0,100893,101268,1,0
 F,0,101643,102205,1,0
 F,0,102393,102768,1,0
 F,0,103143,103518,1,0
 F,0,105019,105300,1,0
 F,0,105394,105769,1,0
 F,0,106144,106519,1,0
Sprite,Foreground,Centre,"SB\right.jpg",320,240
 M,0,97517,,320,240
 S,0,97517,,0.6449032
 F,0,97517,97798,1,0.2506667
 F,0,97892,98267,1,0
 F,0,98642,99017,1,0
 F,0,101268,101643,1,0
 F,0,102205,102393,1,0
 F,0,103518,103800,1,0
 F,0,103893,104268,1,0
 F,0,104644,105019,1,0
 F,0,106519,106894,1,0
Sprite,Foreground,Centre,"SB\xuanku.jpg",320,240
 M,0,108395,,320,240
 S,0,108395,,0.6449032
 F,0,108395,117361,1
 F,0,117361,122075,1,0
Sprite,Foreground,Centre,"SB\strobe.jpg",320,240
 L,108395,6
  F,0,0,750,1,0.4
  F,0,750,1500,0.7,0.4
 S,0,108395,,0.6449032
 F,0,117361,118861,1,0
Sprite,Foreground,Centre,"SB\white.jpg",320,240
 M,0,108395,,320,240
 S,0,108395,,0.6449032
 F,0,108395,108723,0.2650323,0
 F,0,116647,117361,1,0.0008080245
Sprite,Foreground,Centre,"SB\Dot.png",320,240
 F,0,48380,48661,0,1
 M,0,48380,54381,489,-1,50,621
 F,0,48661,51380,1,0.9964413
 F,0,51380,53631,0.9964413
 F,0,53631,54381,0.9964413,0
Sprite,Foreground,Centre,"SB\Dot.png",320,240
 F,0,51380,51661,0,1
 M,0,51380,57381,489,-1,50,621
 F,0,51661,54380,1,0.9964413
 F,0,54380,56631,0.9964413
 F,0,56631,57381,0.9964413,0
Sprite,Foreground,Centre,"SB\Dot.png",320,240
 F,0,54381,54662,0,1
 M,0,54381,60382,489,-1,50,621
 F,0,54662,57381,1,0.9964413
 F,0,57381,59632,0.9964413
 F,0,59632,60382,0.9964413,0
Sprite,Foreground,Centre,"SB\Dot.png",320,240
 F,0,57382,57663,0,1
 M,0,57382,63383,489,-1,50,621
 F,0,57663,60382,1,0.9964413
 F,0,60382,62633,0.9964413
 F,0,62633,63383,0.9964413,0
Sprite,Foreground,Centre,"SB\Dot.png",320,240
 F,0,60383,60664,0,1
 M,0,60383,66384,489,-1,50,621
 F,0,60664,63383,1,0.9964413
 F,0,63383,65634,0.9964413
 F,0,65634,66384,0.9964413,0
Sprite,Foreground,Centre,"SB\Dot.png",320,240
 F,0,63383,63664,0,1
 M,0,63383,69384,489,-1,50,621
 F,0,63664,66383,1,0.9964413
 F,0,66383,68634,0.9964413
 F,0,68634,69384,0.9964413,0
Sprite,Foreground,Centre,"SB\Dot.png",320,240
 F,0,66384,66665,0,1
 M,0,66384,72385,489,-1,50,621
 F,0,66665,69384,1,0.9964413
 F,0,69384,71635,0.9964413
 F,0,71635,72385,0.9964413,0
Sprite,Foreground,Centre,"SB\Down.png",320,240
 M,0,106894,,320,386
 S,0,106894,,0.6449031
 F,0,106894,107269,1,0
Sprite,Foreground,Centre,"SB\Down.png",320,240
 M,0,107644,,320,386
 S,0,107644,,0.6449031
 F,0,107644,108019,1,0
Sprite,Foreground,Centre,"SB\Down.png",320,240
 M,0,108019,,320,386
 S,0,108019,,0.6449031
 F,0,108019,108394,1,0
Sprite,Foreground,Centre,"SB\Down.png",320,240
 M,0,108395,,320,386
 S,0,108395,,0.6449031
 F,0,108395,108770,1,0
Sprite,Foreground,Centre,"SB\Down.png",320,240
 M,0,109145,,320,386
 S,0,109145,,0.6449031
 F,0,109145,109520,1,0
Sprite,Foreground,Centre,"SB\Down.png",320,240
 M,0,109520,,320,386
 S,0,109520,,0.6449031
 F,0,109520,109895,1,0
Sprite,Foreground,Centre,"SB\Down.png",320,240
 M,0,109895,,320,386
 S,0,109895,,0.6449031
 F,0,109895,110270,1,0
Sprite,Foreground,Centre,"SB\Down.png",320,240
 M,0,110645,,320,386
 S,0,110645,,0.6449031
 F,0,110645,111020,1,0
Sprite,Foreground,Centre,"SB\Down.png",320,240
 M,0,111395,,320,386
 S,0,111395,,0.6449031
 F,0,111395,111770,1,0
Sprite,Foreground,Centre,"SB\Down.png",320,240
 M,0,112145,,320,386
 S,0,112145,,0.6449031
 F,0,112145,112520,1,0
Sprite,Foreground,Centre,"SB\Down.png",320,240
 M,0,112521,,320,386
 S,0,112521,,0.6449031
 F,0,112521,112896,1,0
Sprite,Foreground,Centre,"SB\Down.png",320,240
 M,0,112896,,320,386
 S,0,112896,,0.6449031
 F,0,112896,113271,1,0
Sprite,Foreground,Centre,"SB\Down.png",320,240
 M,0,113646,,320,386
 S,0,113646,,0.6449031
 F,0,113646,114021,1,0
Sprite,Foreground,Centre,"SB\Down.png",320,240
 M,0,114021,,320,386
 S,0,114021,,0.6449031
 F,0,114021,114396,1,0
Sprite,Foreground,Centre,"SB\Down.png",320,240
 M,0,115146,,320,386
 S,0,115146,,0.6449031
 F,0,115146,115521,1,0
Sprite,Foreground,Centre,"SB\Down.png",320,240
 M,0,115521,,320,386
 S,0,115521,,0.6449031
 F,0,115521,115896,1,0
Sprite,Foreground,Centre,"SB\Down.png",320,240
 M,0,115896,,320,386
 S,0,115896,,0.6449031
 F,0,115896,116271,1,0
Sprite,Foreground,Centre,"SB\Down.png",320,240
 M,0,116271,,320,386
 S,0,116271,,0.6449031
 F,0,116271,116646,1,0
Sprite,Foreground,Centre,"SB\Down.png",320,240
 M,0,117361,,320,386
 S,0,117361,,0.6449031
 F,0,117361,117736,1,0
Sprite,Foreground,Centre,"SB\Rainboweffect.png",320,240
 F,0,72386,73136,0,0.2072258
 S,0,72386,73136,0.8430968,1
 M,0,72386,93391,418,168,359,164
 F,0,73136,92641,0.2072258
 S,0,73136,93391,1,1.165161
 F,0,92641,93391,0.2072258,0
Sprite,Foreground,Centre,"SB\Down.png",320,240
 M,0,78387,,320,386
 S,0,78387,,0.6449031
 F,0,78387,78762,1,0
Sprite,Foreground,Centre,"SB\Down.png",320,240
 M,0,84389,,320,386
 S,0,84389,,0.6449031
 F,0,84389,84764,1,0
Sprite,Foreground,Centre,"SB\Down.png",320,240
 M,0,90390,,320,386
 S,0,90390,,0.6449031
 F,0,90390,90765,1,0
Sprite,Foreground,Centre,"SB\Down.png",320,240
 M,0,93391,,320,386
 S,0,93391,,0.6449031
 F,0,93391,93766,1,0
Sprite,Foreground,Centre,"SB\Down.png",320,240
 M,0,93578,,320,386
 S,0,93578,,0.6449031
 F,0,93578,93953,1,0
Sprite,Foreground,Centre,"SB\Down.png",320,240
 M,0,93766,,320,386
 S,0,93766,,0.6449031
 F,0,93766,94141,1,0
Sprite,Foreground,Centre,"SB\Down.png",320,240
 M,0,93953,,320,386
 S,0,93953,,0.6449031
 F,0,93953,94328,1,0
Sprite,Foreground,Centre,"SB\Down.png",320,240
 M,0,94141,,320,386
 S,0,94141,,0.6449031
 F,0,94141,94516,1,0
Sprite,Foreground,Centre,"SB\Down.png",320,240
 M,0,94516,,320,386
 S,0,94516,,0.6449031
 F,0,94516,94891,1,0
Sprite,Foreground,Centre,"SB\Down.png",320,240
 M,0,94704,,320,386
 S,0,94704,,0.6449031
 F,0,94704,95079,1,0
Sprite,Foreground,Centre,"SB\Down.png",320,240
 M,0,94891,,320,386
 S,0,94891,,0.6449031
 F,0,94891,95266,1,0
Sprite,Foreground,Centre,"SB\Down.png",320,240
 M,0,95079,,320,386
 S,0,95079,,0.6449031
 F,0,95079,95454,1,0
Sprite,Foreground,Centre,"SB\Down.png",320,240
 M,0,95266,,320,386
 S,0,95266,,0.6449031
 F,0,95266,95641,1,0
Sprite,Foreground,Centre,"SB\Down.png",320,240
 M,0,95454,,320,386
 S,0,95454,,0.6449031
 F,0,95454,95829,1,0
Sprite,Foreground,Centre,"SB\Down.png",320,240
 M,0,95641,,320,386
 S,0,95641,,0.6449031
 F,0,95641,96016,1,0
Sprite,Foreground,Centre,"SB\Down.png",320,240
 M,0,95829,,320,386
 S,0,95829,,0.6449031
 F,0,95829,96204,1,0
Sprite,Foreground,Centre,"SB\Down.png",320,240
 M,0,96016,,320,386
 S,0,96016,,0.6449031
 F,0,96016,96391,1,0
Sprite,Foreground,Centre,"SB\Down.png",320,240
 M,0,96204,,320,386
 S,0,96204,,0.6449031
 F,0,96204,96579,1,0
Sprite,Foreground,Centre,"SB\totallywhite.jpg",320,240
 M,0,54381,,320,240
 S,0,54381,,0.6449032
 F,0,54381,54756,1,0
Sprite,Foreground,Centre,"SB\totallywhite.jpg",320,240
 M,0,60383,,320,240
 S,0,60383,,0.6449032
 F,0,60383,60758,1,0
Sprite,Foreground,Centre,"SB\totallywhite.jpg",320,240
 M,0,114396,,320,240
 S,0,114396,,0.6449032
 F,0,114396,114771,1,0
Sprite,Foreground,Centre,"SB\totallywhite.jpg",320,240
 M,0,47629,,320,240
 S,0,47629,,0.6449031
 F,0,47629,48380,1,0
//Storyboard Sound Samples
