[Events]
//Background and Video events
//Storyboard Layer 0 (Background)
Sprite,Background,Centre,"SB\BG.png",320,240
 S,0,0,,0.8054401
 M,0,0,208588,320,240
 F,0,208088,208588,1,0
Sprite,Background,Centre,"SB\light.png",320,240
 F,0,0,,0
 M,0,0,300,326,251
 S,0,0,300,0.6928
 T,HitSoundFinish,6088,226088
  F,0,0,500,1,0
Sprite,Background,Centre,"SB\circle.png",320,240
 M,0,6088,,243,311
 F,0,6088,6338,0,1
 F,0,6338,7338,1
 S,0,6088,7588,0.1808001,0.3856002
 F,0,7338,7588,1,0
 M,0,8088,,245,164
 F,0,8088,8338,0,1
 F,0,8338,9338,1
 S,0,8088,9588,0.3856002,0.8566401
 F,0,9338,9588,1,0
 M,0,10088,,327,356
 F,0,10088,10338,0,1
 F,0,10338,11338,1
 S,0,10088,11588,0.3344001,0.8976002
 F,0,11338,11588,1,0
Sprite,Background,Centre,"SB\circle.png",320,240
 M,0,6088,,481,164
 F,0,6088,6338,0,1
 F,0,6338,7338,1
 S,0,6088,7588,0.36512,0.6006402
 F,0,7338,7588,1,0
 M,0,8088,,391,351
 F,0,8088,8338,0,1
 F,0,8338,9338,1
 S,0,8088,9588,0.2729601,0.7644802
 F,0,9338,9588,1,0
 M,0,10088,,518,237
 F,0,10088,10338,0,1
 F,0,10338,11338,1
 S,0,10088,11588,0.4060802,0.8976002
 F,0,11338,11588,1,0
 M,0,12088,,317,262
 F,0,12088,12338,0,1
 F,0,12338,13338,1
 S,0,12088,13588,0.7542402,1.13312
 F,0,13338,13588,1,0
Sprite,Background,Centre,"SB\circle.png",320,240
 M,0,6088,,111,421
 F,0,6088,6338,0,1
 F,0,6338,7338,1
 S,0,6088,7588,0.5084799,0.9180801
 F,0,7338,7588,1,0
 M,0,8088,,1,29
 F,0,8088,8338,0,1
 F,0,8338,9338,1
 S,0,8088,9588,0.5392001,1.34816
 F,0,9338,9588,1,0
 M,0,10088,,78,423
 F,0,10088,10338,0,1
 F,0,10338,11338,1
 S,0,10088,11588,0.2832,0.8873599
 F,0,11338,11588,1,0
 M,0,12088,,63,458
 F,0,12088,12338,0,1
 F,0,12338,13338,1
 S,0,12088,13588,0.4265597,1.143359
 F,0,13338,13588,1,0
 F,0,81088,81288,0,1
 F,0,81288,81388,1
 S,0,81088,81588,0.40608,1.12288
 F,0,81388,81588,1,0
 F,0,171088,171288,0,1
 F,0,171288,171388,1
 S,0,171088,171588,0.40608,1.12288
 F,0,171388,171588,1,0
 F,0,179088,179288,0,1
 F,0,179288,179388,1
 S,0,179088,179588,0.40608,1.12288
 F,0,179388,179588,1,0
 F,0,187088,187288,0,1
 F,0,187288,187388,1
 S,0,187088,187588,0.40608,1.12288
 F,0,187388,187588,1,0
 T,HitSoundWhistle,54088,70088
  F,0,0,200,0,1
  F,0,200,300,1
  S,0,0,500,0.40608,1.12288
  F,0,300,500,1,0
  M,0,12088,,63,458
 T,HitSoundClap,77588,119338
  F,0,0,200,0,1
  F,0,200,300,1
  S,0,0,500,0.40608,1.12288
  F,0,300,500,1,0
  M,0,12088,,63,458
 T,HitSoundClap,168838,193088
  F,0,0,200,0,1
  F,0,200,300,1
  S,0,0,500,0.40608,1.12288
  F,0,300,500,1,0
  M,0,12088,,63,458
Sprite,Background,Centre,"SB\circle.png",320,240
 M,0,6088,,376,-14
 F,0,6088,6338,0,1
 F,0,6338,7338,1
 S,0,6088,7588,0.34464,1.03072
 F,0,7338,7588,1,0
 M,0,8088,,136,352
 F,0,8088,8338,0,1
 F,0,8338,9338,1
 S,0,8088,9588,0.5391999,0.8668799
 F,0,9338,9588,1,0
 M,0,10088,,580,438
 F,0,10088,10338,0,1
 F,0,10338,11338,1
 S,0,10088,11588,0.3753598,0.8975998
 F,0,11338,11588,1,0
 M,0,12088,,573,460
 F,0,12088,12338,0,1
 F,0,12338,13338,1
 S,0,12088,13588,0.40608,1.12288
 F,0,13338,13588,1,0
 F,0,81088,81288,0,1
 F,0,81288,81388,1
 S,0,81088,81588,0.40608,1.12288
 F,0,81388,81588,1,0
 F,0,171088,171288,0,1
 F,0,171288,171388,1
 S,0,171088,171588,0.40608,1.12288
 F,0,171388,171588,1,0
 F,0,179088,179288,0,1
 F,0,179288,179388,1
 S,0,179088,179588,0.40608,1.12288
 F,0,179388,179588,1,0
 F,0,187088,187288,0,1
 F,0,187288,187388,1
 S,0,187088,187588,0.40608,1.12288
 F,0,187388,187588,1,0
 T,HitSoundWhistle,54088,70088
  F,0,0,200,0,1
  F,0,200,300,1
  S,0,0,500,0.40608,1.12288
  F,0,300,500,1,0
  M,0,54088,,573,460
 T,HitSoundClap,77588,119338
  F,0,0,200,0,1
  F,0,200,300,1
  S,0,0,500,0.40608,1.12288
  F,0,300,500,1,0
  M,0,54088,,573,460
 T,HitSoundClap,168838,193088
  F,0,0,200,0,1
  F,0,200,300,1
  S,0,0,500,0.40608,1.12288
  F,0,300,500,1,0
  M,0,54088,,573,460
Sprite,Background,Centre,"SB\circle.png",320,240
 M,0,6088,,152,166
 F,0,6088,6338,0,1
 F,0,6338,7338,1
 S,0,6088,7588,0.29344,0.9180799
 F,0,7338,7588,1,0
 M,0,8088,,653,429
 F,0,8088,8338,0,1
 F,0,8338,9338,1
 S,0,8088,9588,0.6928,1.3072
 F,0,9338,9588,1,0
 M,0,10088,,126,144
 F,0,10088,10338,0,1
 F,0,10338,11338,1
 S,0,10088,11588,0.2832,1.01024
 F,0,11338,11588,1,0
 M,0,12088,,62,84
 F,0,12088,12338,0,1
 F,0,12338,13338,1
 S,0,12088,13588,0.4470398,1.13312
 F,0,13338,13588,1,0
 F,0,81088,81288,0,1
 F,0,81288,81388,1
 S,0,81088,81588,0.40608,1.12288
 F,0,81388,81588,1,0
 F,0,171088,171288,0,1
 F,0,171288,171388,1
 S,0,171088,171588,0.40608,1.12288
 F,0,171388,171588,1,0
 F,0,179088,179288,0,1
 F,0,179288,179388,1
 S,0,179088,179588,0.40608,1.12288
 F,0,179388,179588,1,0
 F,0,187088,187288,0,1
 F,0,187288,187388,1
 S,0,187088,187588,0.40608,1.12288
 F,0,187388,187588,1,0
 T,HitSoundWhistle,54088,70088
  F,0,0,200,0,1
  F,0,200,300,1
  S,0,0,500,0.40608,1.12288
  F,0,300,500,1,0
  M,0,12088,,62,84
 T,HitSoundClap,77588,119338
  F,0,0,200,0,1
  F,0,200,300,1
  S,0,0,500,0.40608,1.12288
  F,0,300,500,1,0
  M,0,12088,,62,84
 T,HitSoundClap,168838,193088
  F,0,0,200,0,1
  F,0,200,300,1
  S,0,0,500,0.40608,1.12288
  F,0,300,500,1,0
  M,0,12088,,62,84
Sprite,Background,Centre,"SB\circle.png",320,240
 M,0,6088,,542,433
 F,0,6088,6338,0,1
 F,0,6338,7338,1
 S,0,6088,7588,0.5494397,1.07168
 F,0,7338,7588,1,0
 M,0,8088,,489,166
 F,0,8088,8338,0,1
 F,0,8338,9338,1
 S,0,8088,9588,0.488,1.07168
 F,0,9338,9588,1,0
 M,0,10088,,418,35
 F,0,10088,10338,0.13312,1
 F,0,10338,11338,1
 S,0,10088,11588,0.5289599,1.03072
 F,0,11338,11588,1,0
 M,0,12088,,572,79
 F,0,12088,12338,0,1
 F,0,12338,13338,1
 S,0,12088,13588,0.4982399,1.14336
 F,0,13338,13588,1,0
 F,0,81088,81288,0,1
 F,0,81288,81388,1
 S,0,81088,81588,0.40608,1.12288
 F,0,81388,81588,1,0
 F,0,171088,171288,0,1
 F,0,171288,171388,1
 S,0,171088,171588,0.40608,1.12288
 F,0,171388,171588,1,0
 F,0,179088,179288,0,1
 F,0,179288,179388,1
 S,0,179088,179588,0.40608,1.12288
 F,0,179388,179588,1,0
 F,0,187088,187288,0,1
 F,0,187288,187388,1
 S,0,187088,187588,0.40608,1.12288
 F,0,187388,187588,1,0
 T,HitSoundWhistle,54088,70088
  F,0,0,200,0,1
  F,0,200,300,1
  S,0,0,500,0.40608,1.12288
  F,0,300,500,1,0
  M,0,12088,,572,79
 T,HitSoundClap,77588,119338
  F,0,0,200,0,1
  F,0,200,300,1
  S,0,0,500,0.40608,1.12288
  F,0,300,500,1,0
  M,0,12088,,572,79
 T,HitSoundClap,168838,193088
  F,0,0,200,0,1
  F,0,200,300,1
  S,0,0,500,0.40608,1.12288
  F,0,300,500,1,0
  M,0,12088,,572,79
Sprite,Background,Centre,"SB\stefanie.png",320,240
 S,0,0,,0.6928
 F,0,205088,206088,1,0
 M,0,0,209588,327,251
 M,0,209588,,327,251
//Storyboard Layer 1 (Fail)
//Storyboard Layer 2 (Pass)
//Storyboard Layer 3 (Foreground)
Sprite,Foreground,Centre,"SB\Lyric\01 - 14 - 36.png",320,240
 F,0,14088,14338,0,1
 F,0,14338,17088,1
 F,0,17088,,0.1538461
 M,0,14088,17338,322,441
 F,0,17088,17338,1,0
Sprite,Foreground,Centre,"SB\Lyric\02 - 15 - 37.png",320,240
 M,0,17588,,321,441
 F,0,17588,17838,0,1
 F,0,17838,21088,1,0.976
 F,0,21088,21338,0.976,0
Sprite,Foreground,Centre,"SB\Lyric\03 - 16 - 38.png",320,240
 F,0,21338,21588,0,1
 M,0,21588,,323,438
 F,0,21588,25088,1,0.996
 F,0,25088,25338,0.996,0
Sprite,Foreground,Centre,"SB\Lyric\04 - 17 - 31 - 39 - 44.png",320,240
 M,0,25338,,318,439
 F,0,25338,25588,0,1
 F,0,25588,29088,1
 F,0,29088,29338,1,0
 F,0,65338,65588,0,1
 F,0,65588,69338,1,0.984
 F,0,69338,69588,0.984,0
Sprite,Foreground,Centre,"SB\Lyric\06 - 19.png",320,240
 M,0,33338,,320,428
 F,0,33338,33588,0,1
 F,0,33588,37088,1
 F,0,37088,37338,1,0
 F,0,81338,81588,0,1
 F,0,81588,85088,1,0.9962667
 F,0,85088,85338,0.9962667,0
Sprite,Foreground,Centre,"SB\Lyric\07 - 20.png",320,240
 M,0,37338,,321,414
 F,0,37338,37588,0,1
 F,0,37588,40838,1
 F,0,40838,41088,1,0
 F,0,85338,85588,0,1
 F,0,85588,88838,1,0.9591428
 F,0,88838,89088,0.9591428,0
Sprite,Foreground,Centre,"SB\Lyric\08 - 21.png",320,240
 M,0,41088,,320,429
 F,0,41088,41338,0,1
 F,0,41338,45838,1,0.9734737
 F,0,45838,46088,0.9734737,0
 F,0,89088,89338,0,1
 F,0,89338,93838,1,0.8976842
 F,0,93838,94088,0.8976842,0
Sprite,Foreground,Centre,"SB\Lyric\09 - 22.png",320,240
 M,0,46088,,323,78
 F,0,46088,46338,0.2473599,0.63648
 F,0,46338,46838,0.63648,0.64672
 F,0,46838,47088,0.64672,0
 F,0,94088,94338,0,0.6928
 F,0,94338,94838,0.6928,0.51712
 F,0,94838,95088,0.51712,0
Sprite,Foreground,Centre,"SB\Lyric\10 - 23.png",320,240
 M,0,47088,,321,115
 F,0,47088,47338,0.39584,0.70816
 F,0,47338,47838,0.70816,0.6847445
 F,0,47838,48088,0.6847445,0
 F,0,95088,95338,0.1515769,0.5355769
 F,0,95338,95838,0.5355769,0.4690169
 F,0,95838,96088,0.4690169,0.008216951
Sprite,Foreground,Centre,"SB\Lyric\11 - 24.png",320,240
 M,0,48088,,324,372
 F,0,48088,48338,0.2320003,0.62112
 F,0,48338,48838,0.62112,0.5699201
 F,0,48838,49088,0.5699201,0
 F,0,96088,96338,0.1689601,0.6195201
 F,0,96338,96838,0.6195201,0.6297601
 F,0,96838,97088,0.6297601,0
Sprite,Foreground,Centre,"SB\Lyric\12 - 25.png",320,240
Sprite,Foreground,Centre,"SB\Lyric\13 - 26.png",320,240
 M,0,49088,,320,430
 F,0,49088,49338,0,1
 F,0,49338,53088,1,0.904
 F,0,53088,53338,0.904,0
 F,0,97088,97338,0,1
 F,0,97338,101588,1,0.988
 F,0,101588,101838,0.988,0
Sprite,Foreground,Centre,"SB\Lyric\01 - 14 - 36.png",320,240
 M,0,53838,,320,441
 F,0,54088,54344,0,0.9993699
 F,0,54344,57088,0.9993699,0.9926153
 F,0,57088,57338,0.9926153,0
Sprite,Foreground,Centre,"SB\Lyric\02 - 15 - 37.png",320,240
 M,0,57338,,323,443
 F,0,57338,57588,0,1
 F,0,57588,61088,1
 F,0,61088,61338,1,0
Sprite,Foreground,Centre,"SB\Lyric\03 - 16 - 38.png",320,240
 M,0,61338,,327,439
 F,0,61338,61588,0,1
 F,0,61588,65088,1,0.9925333
 F,0,65088,65338,0.9925333,0
Sprite,Foreground,Centre,"SB\Lyric\05 - 18.png",320,240
 M,0,29335,,312,413
 F,0,29338,29588,0,1
 F,0,29588,33088,1,0.9850667
 F,0,33088,33338,0.9850667,0
 F,0,77588,77838,0,1
 F,0,77838,81088,1,0.9925714
 F,0,81088,81338,0.9925714,0
Sprite,Foreground,Centre,"SB\Lyric\27 - 40.png",320,240
 M,0,102338,,320,430
 F,0,102338,102588,0,1
 F,0,102588,104338,1,0.986
 F,0,104338,104588,0.986,0
Sprite,Foreground,Centre,"SB\Lyric\28 - 41.png",320,240
 M,0,104588,,322,430
 F,0,104588,104838,0,1
 F,0,104838,106088,1,0.9866667
 F,0,106088,106338,0.9866667,0.006080258
Sprite,Foreground,Centre,"SB\Lyric\29 - 42.png",320,240
 M,0,106338,,320,430
 F,0,106338,106588,0,1
 F,0,106588,110088,1
 F,0,110088,110338,1,0
Sprite,Foreground,Centre,"SB\Lyric\30 - 43.png",320,240
 M,0,110338,,316,431
 F,0,110338,110588,0,1
 F,0,110588,114088,1,0.9850667
 F,0,114088,114338,0.9850667,0
Sprite,Foreground,Centre,"SB\Lyric\04 - 17 - 31 - 39 - 44.png",320,240
 M,0,114338,,321,441
 F,0,114338,114588,0,1
 F,0,114588,118588,1,0.952
 F,0,118588,118838,0.952,0
Sprite,Foreground,Centre,"SB\Lyric\32.png",320,240
 M,0,120088,,322,438
 F,0,120088,120338,0,0.99488
 F,0,120338,123588,0.99488,0.9874894
 F,0,123588,123838,0.9874894,0
Sprite,Foreground,Centre,"SB\Lyric\33.png",320,240
 M,0,123838,,323,438
 F,0,123838,124088,0,1
 F,0,124088,127588,1,0.9962667
 F,0,127588,127838,0.9962667,0
Sprite,Foreground,Centre,"SB\Lyric\34.png",320,240
 M,0,127838,,323,413
 F,0,127838,128088,0,1
 F,0,128088,131588,1
 F,0,131588,131838,1,0
Sprite,Foreground,Centre,"SB\Lyric\35.png",320,240
 M,0,131838,,325,412
 F,0,131838,132088,0,1
 F,0,132088,135588,1
 F,0,135588,135838,1,0
Sprite,Foreground,Centre,"SB\Lyric\01 - 14 - 36.png",320,240
 F,0,160838,161088,0,1
 M,0,161088,,323,440
 F,0,161088,164088,1,0.9963077
 F,0,164088,164338,0.9963077,0
Sprite,Foreground,Centre,"SB\Lyric\02 - 15 - 37.png",320,240
 M,0,164338,,325,439
 F,0,164338,164588,0,1
 F,0,164588,168088,1,0.9776
 F,0,168088,168338,0.9776,0
Sprite,Foreground,Centre,"SB\Lyric\03 - 16 - 38.png",320,240
 M,0,168338,,326,441
 F,0,168338,168588,0,1
 F,0,168588,172088,1,0.9962667
 F,0,172088,172338,0.9962667,0
Sprite,Foreground,Centre,"SB\Lyric\04 - 17 - 31 - 39 - 44.png",320,240
 M,0,172338,,318,439
 F,0,172338,172588,0,1
 F,0,172588,176088,1
 F,0,176088,176338,1,0
Sprite,Foreground,Centre,"SB\Lyric\27 - 40.png",320,240
 M,0,176338,,321,428
 F,0,176338,176588,0,1
 F,0,176588,178338,1,0.993
 F,0,178338,178588,0.993,0
Sprite,Foreground,Centre,"SB\Lyric\28 - 41.png",320,240
 M,0,178588,,323,429
 F,0,178588,178838,0,1
 F,0,178838,180088,1,0.9933333
 F,0,180088,180338,0.9933333,0
Sprite,Foreground,Centre,"SB\Lyric\29 - 42.png",320,240
 M,0,180338,,316,431
 F,0,180338,180588,0,1
 F,0,180588,184088,1,0.9850667
 F,0,184088,184338,0.9850667,0
Sprite,Foreground,Centre,"SB\Lyric\30 - 43.png",320,240
 M,0,184338,,327,415
 F,0,184338,184588,0,1
 F,0,184588,188088,1
 F,0,188088,188338,1,0
Sprite,Foreground,Centre,"SB\Lyric\04 - 17 - 31 - 39 - 44.png",320,240
 M,0,188338,,322,439
 F,0,188338,188588,0,1
 F,0,188588,192338,1,0.992
 F,0,192338,192588,0.992,0
Sprite,Foreground,Centre,"SB\staff.png",320,240
 F,0,206088,206588,0,1
 M,0,206588,,167,238
 F,0,206588,207588,1
 F,0,207588,208088,1,0
//Storyboard Sound Samples
