osu file format v14

[General]
AudioFilename: audio.mp3
AudioLeadIn: 0
PreviewTime: -1
Countdown: 1
SampleSet: Normal
StackLeniency: 0.7
Mode: 0
LetterboxInBreaks: 0
WidescreenStoryboard: 1

[Editor]
DistanceSpacing: 2
BeatDivisor: 6
GridSize: 4
TimelineZoom: 1.1

[Metadata]
Title:Unity
TitleUnicode:Unity
Artist:TheFatRat
ArtistUnicode:TheFatRat
Creator:_Choco
Version:Sweet Harmony
Source:Tasty Network
Tags:Electronic, 8-bit, Vocals
BeatmapID:1035419
BeatmapSetID:473634

[Difficulty]
HPDrainRate:7
CircleSize:4
OverallDifficulty:5
ApproachRate:9
SliderMultiplier:1.4
SliderTickRate:1

[Events]
//Background and Video events
0,0,"maxresdefault.jpg",0,0
//Break Periods
2,118963,150538
//Storyboard Layer 0 (Background)
//Storyboard Layer 1 (Fail)
//Storyboard Layer 2 (Pass)
//Storyboard Layer 3 (Foreground)
//Storyboard Sound Samples

[TimingPoints]
120,571.319748619311,4,1,0,100,1,0


[HitObjects]
88,80,215,5,0,0:0:0:0:
200,120,500,1,0,0:0:0:0:
96,204,691,2,0,L|100:228,1,23.3333333333333
232,240,1072,1,0,0:0:0:0:
316,132,1357,1,0,0:0:0:0:
432,168,1643,1,0,0:0:0:0:
288,176,1929,1,0,0:0:0:0:
184,88,2500,5,0,0:0:0:0:
244,172,2786,1,0,0:0:0:0:
328,268,2976,2,0,L|328:232,1,23.3333333333333
368,120,3357,1,0,0:0:0:0:
460,256,3643,1,0,0:0:0:0:
368,120,3928,1,0,0:0:0:0:
456,260,4214,1,0,0:0:0:0:
252,80,4785,5,0,0:0:0:0:
104,144,5071,1,0,0:0:0:0:
168,244,5261,2,0,L|172:284,1,23.3333333333333
264,184,5642,1,0,0:0:0:0:
360,256,5928,1,0,0:0:0:0:
388,152,6214,1,0,0:0:0:0:
292,68,6499,1,0,0:0:0:0:
152,72,7071,5,12,0:0:0:0:
100,200,7356,1,12,0:0:0:0:
252,176,7642,1,12,0:0:0:0:
184,292,7928,1,12,0:0:0:0:
356,248,8213,1,12,0:0:0:0:
108,156,8689,5,0,0:0:0:0:
108,156,8785,1,0,0:0:0:0:
208,132,8975,1,0,0:0:0:0:
208,132,9070,1,0,0:0:0:0:
292,120,9261,1,0,0:0:0:0:
292,120,9356,1,0,0:0:0:0:
288,184,9832,5,0,0:0:0:0:
288,184,9927,1,0,0:0:0:0:
196,152,10118,1,0,0:0:0:0:
196,152,10213,1,0,0:0:0:0:
108,188,10403,1,0,0:0:0:0:
108,188,10498,1,0,0:0:0:0:
196,136,10975,5,0,0:0:0:0:
196,136,11070,1,0,0:0:0:0:
280,48,11260,1,0,0:0:0:0:
280,48,11355,1,0,0:0:0:0:
364,132,11546,1,0,0:0:0:0:
364,132,11641,1,0,0:0:0:0:
456,164,11927,5,4,0:0:0:0:
452,276,12212,1,4,0:0:0:0:
304,272,12498,1,4,0:0:0:0:
308,152,12784,1,4,0:0:0:0:
212,136,13260,5,0,0:0:0:0:
212,136,13355,1,0,0:0:0:0:
124,216,13546,1,0,0:0:0:0:
124,216,13641,1,0,0:0:0:0:
272,248,13831,1,0,0:0:0:0:
272,248,13926,1,0,0:0:0:0:
388,120,14402,5,0,0:0:0:0:
388,120,14498,1,0,0:0:0:0:
476,212,14688,1,0,0:0:0:0:
472,216,14783,1,0,0:0:0:0:
308,232,14974,1,0,0:0:0:0:
308,232,15069,1,0,0:0:0:0:
224,120,15545,5,0,0:0:0:0:
224,120,15640,1,0,0:0:0:0:
104,176,15831,1,0,0:0:0:0:
108,180,15926,1,0,0:0:0:0:
276,220,16116,1,0,0:0:0:0:
276,220,16212,1,0,0:0:0:0:
144,240,16497,1,4,0:0:0:0:
88,116,16783,1,4,0:0:0:0:
208,72,17069,1,4,0:0:0:0:
264,200,17354,1,4,0:0:0:0:
148,120,17830,5,0,0:0:0:0:
148,120,17926,1,0,0:0:0:0:
168,256,18116,1,0,0:0:0:0:
168,256,18211,1,0,0:0:0:0:
312,208,18402,1,0,0:0:0:0:
312,208,18497,1,0,0:0:0:0:
296,108,18973,5,0,0:0:0:0:
296,108,19068,1,0,0:0:0:0:
156,168,19259,1,0,0:0:0:0:
156,168,19354,1,0,0:0:0:0:
280,244,19544,1,0,0:0:0:0:
280,244,19640,1,0,0:0:0:0:
152,84,20116,5,0,0:0:0:0:
152,84,20211,1,0,0:0:0:0:
364,88,20401,1,0,0:0:0:0:
364,88,20497,1,0,0:0:0:0:
256,228,20687,1,0,0:0:0:0:
256,228,20782,1,0,0:0:0:0:
136,232,21068,1,4,0:0:0:0:
204,144,21354,1,4,0:0:0:0:
324,144,21639,1,4,0:0:0:0:
396,232,21925,1,4,0:0:0:0:
312,248,22401,5,0,0:0:0:0:
312,248,22496,1,0,0:0:0:0:
240,140,22687,1,0,0:0:0:0:
240,140,22782,1,0,0:0:0:0:
144,240,22972,1,0,0:0:0:0:
144,240,23068,1,0,0:0:0:0:
144,128,23544,5,0,0:0:0:0:
144,128,23639,1,0,0:0:0:0:
244,56,23829,1,0,0:0:0:0:
244,56,23924,1,0,0:0:0:0:
312,144,24115,1,0,0:0:0:0:
312,144,24210,1,0,0:0:0:0:
168,200,24686,5,0,0:0:0:0:
168,200,24781,1,0,0:0:0:0:
40,316,24972,1,0,0:0:0:0:
40,316,25067,1,0,0:0:0:0:
248,272,25258,1,0,0:0:0:0:
248,272,25353,1,0,0:0:0:0:
356,248,25638,1,4,0:0:0:0:
256,176,25924,1,4,0:0:0:0:
376,124,26210,1,4,0:0:0:0:
256,64,26495,1,4,0:0:0:0:
92,60,27638,5,0,0:0:0:0:
48,208,27924,1,0,0:0:0:0:
232,160,28209,1,0,0:0:0:0:
116,76,28495,1,0,0:0:0:0:
156,232,28685,1,0,0:0:0:0:
156,232,28781,1,0,0:0:0:0:
292,260,28971,1,0,0:0:0:0:
292,260,29066,1,0,0:0:0:0:
212,128,29352,2,0,L|284:148,1,70
84,48,29923,5,0,0:0:0:0:
192,104,30208,1,0,0:0:0:0:
80,172,30494,1,0,0:0:0:0:
204,216,30780,1,0,0:0:0:0:
264,96,30971,1,0,0:0:0:0:
264,96,31066,1,0,0:0:0:0:
400,132,31257,1,0,0:0:0:0:
400,132,31352,1,0,0:0:0:0:
340,236,31637,2,0,P|312:240|280:216,1,70
432,84,32209,5,0,0:0:0:0:
344,172,32494,1,0,0:0:0:0:
240,172,32780,1,0,0:0:0:0:
168,80,33066,1,0,0:0:0:0:
84,168,33256,1,0,0:0:0:0:
84,168,33351,1,0,0:0:0:0:
160,244,33542,1,0,0:0:0:0:
160,244,33637,1,0,0:0:0:0:
280,252,33923,2,0,P|304:248|332:208,1,70
188,64,34494,5,0,0:0:0:0:
324,92,34780,1,0,0:0:0:0:
408,196,35065,1,0,0:0:0:0:
344,308,35351,1,0,0:0:0:0:
252,244,35541,1,0,0:0:0:0:
252,244,35637,1,0,0:0:0:0:
136,192,35827,1,0,0:0:0:0:
136,192,35922,1,0,0:0:0:0:
168,96,36208,2,0,P|192:80|232:88,1,70
52,192,36779,5,0,0:0:0:0:
120,112,37065,1,0,0:0:0:0:
184,192,37351,1,0,0:0:0:0:
244,108,37636,1,0,0:0:0:0:
344,200,37827,1,0,0:0:0:0:
344,200,37922,1,0,0:0:0:0:
184,192,38112,1,0,0:0:0:0:
184,192,38207,1,0,0:0:0:0:
220,284,38493,2,0,P|244:296|288:284,1,70
464,192,39064,5,0,0:0:0:0:
380,108,39350,1,0,0:0:0:0:
292,200,39636,1,0,0:0:0:0:
188,104,39921,1,0,0:0:0:0:
108,200,40112,1,0,0:0:0:0:
108,200,40207,1,0,0:0:0:0:
292,200,40398,1,0,0:0:0:0:
292,200,40493,1,0,0:0:0:0:
204,116,40778,2,0,P|188:96|144:112,1,70
348,52,41350,5,0,0:0:0:0:
256,124,41635,1,0,0:0:0:0:
404,160,41921,1,0,0:0:0:0:
304,232,42112,1,0,0:0:0:0:
304,232,42207,1,0,0:0:0:0:
168,232,42397,1,0,0:0:0:0:
168,232,42492,1,0,0:0:0:0:
164,60,42778,5,0,0:0:0:0:
232,184,43064,1,0,0:0:0:0:
324,64,43254,1,0,0:0:0:0:
324,64,43349,1,0,0:0:0:0:
408,192,43635,5,4,0:0:0:0:
352,256,43921,1,4,0:0:0:0:
256,300,44206,1,4,0:0:0:0:
152,244,44492,1,4,0:0:0:0:
72,176,44778,1,0,0:0:0:0:
136,80,45254,5,0,0:0:0:0:
136,80,45349,1,0,0:0:0:0:
268,40,45539,1,0,0:0:0:0:
268,40,45635,1,0,0:0:0:0:
332,148,45825,1,0,0:0:0:0:
332,152,45920,2,0,P|308:168|260:168,1,70
84,96,46397,5,0,0:0:0:0:
84,96,46492,1,0,0:0:0:0:
204,88,46682,1,0,0:0:0:0:
204,88,46778,1,0,0:0:0:0:
148,192,46968,1,0,0:0:0:0:
148,192,47063,2,0,P|168:208|224:200,1,70
356,144,47539,5,0,0:0:0:0:
356,144,47634,1,0,0:0:0:0:
436,272,47825,1,0,0:0:0:0:
436,272,47920,1,0,0:0:0:0:
244,256,48110,1,0,0:0:0:0:
244,256,48206,2,0,P|216:240|228:208,1,70
316,112,48777,2,0,P|336:132|340:176,1,70
216,212,49348,2,0,P|204:192|216:136,1,70
76,64,49824,5,0,0:0:0:0:
76,64,49920,1,0,0:0:0:0:
52,192,50110,1,0,0:0:0:0:
52,192,50205,1,0,0:0:0:0:
204,136,50396,1,0,0:0:0:0:
204,136,50491,2,0,P|184:164|196:196,1,70
384,96,50967,5,0,0:0:0:0:
384,96,51062,1,0,0:0:0:0:
396,204,51253,1,0,0:0:0:0:
396,204,51348,1,0,0:0:0:0:
236,152,51538,1,0,0:0:0:0:
236,152,51633,2,0,P|224:176|172:176,1,70
72,284,52110,5,0,0:0:0:0:
72,284,52205,1,0,0:0:0:0:
216,312,52395,1,0,0:0:0:0:
216,312,52490,1,0,0:0:0:0:
184,176,52681,1,0,0:0:0:0:
184,176,52776,2,0,P|212:188|264:180,1,70
184,72,53347,2,0,P|224:60|264:76,1,70
256,200,53919,2,0,P|224:212|176:200,1,70
260,76,54395,5,0,0:0:0:0:
260,76,54490,1,0,0:0:0:0:
428,72,54681,1,0,0:0:0:0:
428,72,54776,1,0,0:0:0:0:
376,200,54966,1,0,0:0:0:0:
376,200,55061,2,0,P|336:216|296:204,1,70
176,84,55538,5,0,0:0:0:0:
176,84,55633,1,0,0:0:0:0:
112,188,55823,1,0,0:0:0:0:
112,188,55918,1,0,0:0:0:0:
248,208,56109,1,0,0:0:0:0:
248,208,56204,2,0,P|280:188|280:152,1,70
124,84,56680,5,0,0:0:0:0:
124,84,56775,1,0,0:0:0:0:
64,200,56966,1,0,0:0:0:0:
64,200,57061,1,0,0:0:0:0:
216,176,57251,1,0,0:0:0:0:
216,176,57347,2,0,P|248:176|280:152,1,70
252,40,57918,2,0,P|212:40|176:64,1,70
200,192,58489,2,0,P|232:196|280:180,1,70
432,216,58965,5,0,0:0:0:0:
432,216,59061,1,0,0:0:0:0:
324,300,59251,1,0,0:0:0:0:
324,300,59346,1,0,0:0:0:0:
300,148,59537,1,0,0:0:0:0:
300,148,59632,2,0,P|256:160|244:192,1,70
132,220,60108,5,0,0:0:0:0:
132,220,60203,1,0,0:0:0:0:
44,152,60394,1,0,0:0:0:0:
44,152,60489,1,0,0:0:0:0:
140,76,60679,1,0,0:0:0:0:
140,76,60775,2,0,P|144:104|184:116,1,70
344,96,61251,5,0,0:0:0:0:
344,96,61346,1,0,0:0:0:0:
424,196,61536,1,0,0:0:0:0:
424,196,61632,1,0,0:0:0:0:
312,280,61822,1,0,0:0:0:0:
312,280,61917,2,0,P|284:272|272:232,1,70
376,160,62489,2,0,P|404:168|428:208,1,70
332,304,63060,2,0,P|304:292|288:248,1,70
116,88,64203,5,0,0:0:0:0:
76,208,64488,1,0,0:0:0:0:
196,232,64774,1,0,0:0:0:0:
220,108,65060,1,0,0:0:0:0:
308,192,65250,1,0,0:0:0:0:
308,192,65345,1,0,0:0:0:0:
404,112,65536,1,0,0:0:0:0:
404,112,65631,1,0,0:0:0:0:
448,216,65916,2,0,P|436:240|396:256,1,70
344,152,66488,5,0,0:0:0:0:
272,244,66773,1,0,0:0:0:0:
180,176,67059,1,0,0:0:0:0:
260,92,67345,1,0,0:0:0:0:
256,236,67535,1,0,0:0:0:0:
256,240,67630,1,0,0:0:0:0:
156,172,67821,1,0,0:0:0:0:
156,172,67916,1,0,0:0:0:0:
252,92,68202,2,0,P|276:96|312:128,1,70
364,192,68773,5,0,0:0:0:0:
292,72,69059,1,0,0:0:0:0:
172,148,69344,1,0,0:0:0:0:
248,256,69630,1,0,0:0:0:0:
340,172,69821,1,0,0:0:0:0:
340,172,69916,1,0,0:0:0:0:
192,128,70106,1,0,0:0:0:0:
192,128,70201,1,0,0:0:0:0:
208,232,70487,2,0,P|224:256|272:256,1,70
176,144,71058,5,0,0:0:0:0:
276,72,71344,1,0,0:0:0:0:
336,164,71630,1,0,0:0:0:0:
432,84,71915,1,0,0:0:0:0:
420,220,72106,1,0,0:0:0:0:
420,220,72201,1,0,0:0:0:0:
292,228,72391,1,0,0:0:0:0:
292,228,72487,1,0,0:0:0:0:
268,112,72772,2,0,P|240:116|196:144,1,70
148,60,73344,5,0,0:0:0:0:
64,152,73629,1,0,0:0:0:0:
232,160,73915,1,0,0:0:0:0:
136,272,74201,1,0,0:0:0:0:
144,104,74486,1,0,0:0:0:0:
264,192,74772,1,0,0:0:0:0:
356,116,75058,1,0,0:0:0:0:
332,288,75343,1,0,0:0:0:0:
184,240,75629,1,0,0:0:0:0:
288,176,75915,1,0,0:0:0:0:
144,104,76200,5,0,0:0:0:0:
64,232,76486,1,0,0:0:0:0:
224,280,76772,1,0,0:0:0:0:
184,132,77057,1,0,0:0:0:0:
324,220,77343,1,0,0:0:0:0:
184,132,77629,1,0,0:0:0:0:
340,112,77914,1,0,0:0:0:0:
184,132,78200,1,0,0:0:0:0:
252,32,78486,1,0,0:0:0:0:
304,184,78771,1,0,0:0:0:0:
152,212,79057,5,0,0:0:0:0:
276,320,79343,1,0,0:0:0:0:
380,192,79628,1,0,0:0:0:0:
224,128,79914,1,0,0:0:0:0:
96,192,80199,5,12,0:0:0:0:
188,264,80485,1,12,0:0:0:0:
312,268,80771,1,12,0:0:0:0:
388,200,81056,1,12,0:0:0:0:
416,112,81342,1,12,0:0:0:0:
304,92,81818,5,0,0:0:0:0:
304,92,81913,1,0,0:0:0:0:
332,204,82104,1,0,0:0:0:0:
332,204,82199,1,0,0:0:0:0:
172,156,82390,1,0,0:0:0:0:
172,156,82485,1,0,0:0:0:0:
84,56,82961,5,0,0:0:0:0:
84,56,83056,1,0,0:0:0:0:
84,216,83247,1,0,0:0:0:0:
84,216,83342,1,0,0:0:0:0:
240,80,83532,1,0,0:0:0:0:
240,80,83627,1,0,0:0:0:0:
376,168,84104,5,0,0:0:0:0:
376,168,84199,1,0,0:0:0:0:
348,296,84389,1,0,0:0:0:0:
348,296,84484,1,0,0:0:0:0:
212,192,84675,1,0,0:0:0:0:
212,192,84770,1,0,0:0:0:0:
112,104,85056,2,0,P|128:84|176:80,1,70
208,184,85627,2,0,P|196:208|148:216,1,70
312,84,86389,5,0,0:0:0:0:
312,84,86484,1,0,0:0:0:0:
168,216,86674,1,0,0:0:0:0:
168,216,86770,1,0,0:0:0:0:
356,276,86960,1,0,0:0:0:0:
356,276,87055,1,0,0:0:0:0:
88,272,87531,5,0,0:0:0:0:
88,272,87627,1,0,0:0:0:0:
88,132,87817,1,0,0:0:0:0:
88,132,87912,1,0,0:0:0:0:
252,200,88103,1,0,0:0:0:0:
252,200,88198,1,0,0:0:0:0:
328,68,88674,5,0,0:0:0:0:
328,68,88769,1,0,0:0:0:0:
408,180,88960,1,0,0:0:0:0:
408,180,89055,1,0,0:0:0:0:
264,212,89245,1,0,0:0:0:0:
264,212,89341,1,0,0:0:0:0:
208,92,89626,1,0,0:0:0:0:
76,152,89912,1,0,0:0:0:0:
132,276,90198,1,0,0:0:0:0:
268,224,90483,1,0,0:0:0:0:
80,84,90959,5,0,0:0:0:0:
80,84,91055,1,0,0:0:0:0:
152,236,91245,1,0,0:0:0:0:
152,236,91340,1,0,0:0:0:0:
272,100,91531,1,0,0:0:0:0:
272,100,91626,1,0,0:0:0:0:
404,240,92102,5,0,0:0:0:0:
404,240,92197,1,0,0:0:0:0:
216,240,92388,1,0,0:0:0:0:
216,240,92483,1,0,0:0:0:0:
336,100,92673,1,0,0:0:0:0:
336,100,92769,1,0,0:0:0:0:
76,124,93245,5,0,0:0:0:0:
76,124,93340,1,0,0:0:0:0:
148,248,93530,1,0,0:0:0:0:
148,248,93625,1,0,0:0:0:0:
220,120,93816,1,0,0:0:0:0:
220,120,93911,1,0,0:0:0:0:
264,240,94197,1,0,0:0:0:0:
400,200,94482,1,0,0:0:0:0:
336,72,94768,1,0,0:0:0:0:
184,132,95054,1,0,0:0:0:0:
360,76,95530,5,0,0:0:0:0:
360,76,95625,1,0,0:0:0:0:
224,144,95816,1,0,0:0:0:0:
224,144,95911,1,0,0:0:0:0:
336,240,96101,1,0,0:0:0:0:
336,240,96196,1,0,0:0:0:0:
312,96,96673,5,0,0:0:0:0:
312,96,96768,1,0,0:0:0:0:
136,128,96958,1,0,0:0:0:0:
136,128,97053,1,0,0:0:0:0:
248,256,97244,1,0,0:0:0:0:
248,256,97339,1,0,0:0:0:0:
128,104,97815,5,0,0:0:0:0:
128,104,97910,1,0,0:0:0:0:
280,128,98101,1,0,0:0:0:0:
280,128,98196,1,0,0:0:0:0:
136,216,98386,1,0,0:0:0:0:
136,216,98482,1,0,0:0:0:0:
260,264,98767,1,0,0:0:0:0:
312,132,99053,1,0,0:0:0:0:
180,96,99339,1,0,0:0:0:0:
128,224,99624,1,0,0:0:0:0:
56,88,100767,5,0,0:0:0:0:
112,220,101053,1,0,0:0:0:0:
192,92,101338,1,0,0:0:0:0:
264,224,101624,1,0,0:0:0:0:
340,96,101814,1,0,0:0:0:0:
340,96,101910,1,0,0:0:0:0:
192,176,102100,1,0,0:0:0:0:
192,176,102195,1,0,0:0:0:0:
336,212,102481,1,0,0:0:0:0:
336,212,102767,1,0,0:0:0:0:
152,72,103052,5,0,0:0:0:0:
40,172,103338,1,0,0:0:0:0:
144,256,103624,1,0,0:0:0:0:
248,148,103909,1,0,0:0:0:0:
360,88,104100,1,0,0:0:0:0:
360,88,104195,1,0,0:0:0:0:
316,224,104385,1,0,0:0:0:0:
316,224,104481,1,0,0:0:0:0:
184,120,104766,1,0,0:0:0:0:
184,120,105052,1,0,0:0:0:0:
452,168,105338,5,0,0:0:0:0:
332,128,105623,1,0,0:0:0:0:
352,268,105909,1,0,0:0:0:0:
216,188,106195,1,0,0:0:0:0:
68,128,106385,1,0,0:0:0:0:
68,128,106480,1,0,0:0:0:0:
216,120,106671,1,0,0:0:0:0:
216,120,106766,1,0,0:0:0:0:
144,268,107052,1,0,0:0:0:0:
144,268,107337,1,0,0:0:0:0:
316,100,107623,5,0,0:0:0:0:
384,228,107908,1,0,0:0:0:0:
248,196,108194,1,0,0:0:0:0:
128,204,108480,1,0,0:0:0:0:
192,68,108670,1,0,0:0:0:0:
192,68,108765,1,0,0:0:0:0:
332,168,108956,1,0,0:0:0:0:
332,168,109051,1,0,0:0:0:0:
152,224,109337,1,0,0:0:0:0:
152,224,109622,1,0,0:0:0:0:
224,64,109908,5,0,0:0:0:0:
88,160,110194,1,0,0:0:0:0:
356,212,110479,1,0,0:0:0:0:
188,296,110765,1,0,0:0:0:0:
96,56,111051,1,0,0:0:0:0:
300,264,111336,1,0,0:0:0:0:
296,100,111622,1,0,0:0:0:0:
120,248,111908,1,0,0:0:0:0:
148,88,112193,1,0,0:0:0:0:
344,212,112479,5,0,0:0:0:0:
240,132,112765,1,0,0:0:0:0:
352,108,113050,1,0,0:0:0:0:
236,240,113336,1,0,0:0:0:0:
304,96,113622,1,0,0:0:0:0:
388,224,113907,1,0,0:0:0:0:
192,136,114193,1,0,0:0:0:0:
104,280,114479,1,0,0:0:0:0:
284,204,114764,1,0,0:0:0:0:
96,156,115050,5,0,0:0:0:0:
180,72,115336,1,0,0:0:0:0:
252,232,115621,1,0,0:0:0:0:
332,104,115907,1,0,0:0:0:0:
108,216,116193,1,0,0:0:0:0:
344,220,116478,1,0,0:0:0:0:
152,120,116764,5,12,0:0:0:0:
260,84,117050,1,12,0:0:0:0:
196,264,117335,1,12,0:0:0:0:
88,148,117621,1,12,0:0:0:0:
348,140,117907,2,12,B|368:160|376:192|368:228|324:264|300:268|256:224|236:192,1,210
256,192,151138,12,0,154947,0:0:0:0:
120,96,155614,5,12,0:0:0:0:
140,244,155899,1,0,0:0:0:0:
320,224,156185,1,0,0:0:0:0:
288,80,156471,1,0,0:0:0:0:
196,168,156661,1,0,0:0:0:0:
196,168,156756,1,0,0:0:0:0:
392,116,156947,1,0,0:0:0:0:
392,116,157042,1,0,0:0:0:0:
396,264,157328,2,0,P|368:276|324:268,1,70
112,80,157899,5,12,0:0:0:0:
64,248,158185,1,0,0:0:0:0:
224,268,158470,1,0,0:0:0:0:
296,96,158756,1,0,0:0:0:0:
424,200,158946,1,0,0:0:0:0:
424,200,159042,1,0,0:0:0:0:
240,244,159232,1,0,0:0:0:0:
240,244,159327,1,0,0:0:0:0:
152,128,159613,2,0,P|176:112|220:104,1,70
384,160,160184,5,12,0:0:0:0:
280,292,160470,1,0,0:0:0:0:
120,208,160756,1,0,0:0:0:0:
248,80,161041,1,0,0:0:0:0:
360,200,161232,1,0,0:0:0:0:
360,200,161327,1,0,0:0:0:0:
184,160,161517,1,0,0:0:0:0:
184,160,161613,1,0,0:0:0:0:
112,304,161898,2,0,P|136:316|192:308,1,70
168,112,162470,5,12,0:0:0:0:
336,128,162755,1,0,0:0:0:0:
308,256,163041,1,0,0:0:0:0:
144,232,163327,1,0,0:0:0:0:
248,104,163517,1,0,0:0:0:0:
248,104,163612,1,0,0:0:0:0:
356,188,163803,1,0,0:0:0:0:
356,188,163898,1,0,0:0:0:0:
256,276,164183,2,0,P|228:264|220:220,1,70
148,108,164755,5,0,0:0:0:0:
308,72,165040,1,0,0:0:0:0:
192,240,165326,1,0,0:0:0:0:
324,216,165612,1,0,0:0:0:0:
204,112,165802,1,0,0:0:0:0:
204,112,165897,1,0,0:0:0:0:
388,140,166088,1,0,0:0:0:0:
388,140,166183,1,0,0:0:0:0:
332,268,166469,2,0,P|296:276|264:252,1,70
160,104,167040,5,0,0:0:0:0:
304,104,167326,1,0,0:0:0:0:
152,224,167611,1,0,0:0:0:0:
304,228,167897,1,0,0:0:0:0:
160,104,168088,1,0,0:0:0:0:
160,104,168183,1,0,0:0:0:0:
304,100,168373,1,0,0:0:0:0:
304,100,168468,1,0,0:0:0:0:
184,232,168754,2,0,P|212:256|276:248,1,93.3333333333333
148,92,169325,5,12,0:0:0:0:
172,220,169611,1,0,0:0:0:0:
280,272,169897,1,0,0:0:0:0:
408,188,170182,1,0,0:0:0:0:
268,64,170468,1,0,0:0:0:0:
116,60,170754,1,0,0:0:0:0:
128,240,171039,1,0,0:0:0:0:
272,144,171325,1,0,0:0:0:0:
356,272,171611,5,12,0:0:0:0:
200,276,171896,1,12,0:0:0:0:
212,88,172182,1,12,0:0:0:0:
344,192,172468,1,12,0:0:0:0:
124,196,172753,1,12,0:0:0:0:
256,192,173039,12,0,173896,0:0:0:0:
92,112,174372,5,0,0:0:0:0:
92,112,174467,1,0,0:0:0:0:
160,208,174658,1,0,0:0:0:0:
160,208,174753,1,0,0:0:0:0:
232,108,174943,1,0,0:0:0:0:
232,108,175039,1,0,0:0:0:0:
376,200,175515,5,0,0:0:0:0:
376,200,175610,1,0,0:0:0:0:
244,272,175800,1,0,0:0:0:0:
244,272,175896,1,0,0:0:0:0:
252,120,176086,1,0,0:0:0:0:
252,120,176181,1,0,0:0:0:0:
124,212,176467,1,0,0:0:0:0:
336,208,176753,1,0,0:0:0:0:
320,60,177038,1,0,0:0:0:0:
120,68,177324,1,0,0:0:0:0:
164,220,177800,5,0,0:0:0:0:
164,220,177895,1,0,0:0:0:0:
224,112,178086,1,0,0:0:0:0:
224,112,178181,1,0,0:0:0:0:
336,216,178371,1,0,0:0:0:0:
336,216,178466,1,0,0:0:0:0:
204,88,178943,5,0,0:0:0:0:
204,88,179038,1,0,0:0:0:0:
124,224,179228,1,0,0:0:0:0:
124,224,179323,1,0,0:0:0:0:
316,204,179514,1,0,0:0:0:0:
316,204,179609,1,0,0:0:0:0:
184,308,180085,5,0,0:0:0:0:
184,308,180180,1,0,0:0:0:0:
88,232,180371,1,0,0:0:0:0:
88,232,180466,1,0,0:0:0:0:
240,184,180657,1,0,0:0:0:0:
240,184,180752,1,0,0:0:0:0:
80,120,181037,1,0,0:0:0:0:
208,92,181323,1,0,0:0:0:0:
356,120,181609,1,0,0:0:0:0:
448,212,181894,1,0,0:0:0:0:
320,256,182370,5,0,0:0:0:0:
320,256,182466,1,0,0:0:0:0:
204,192,182656,1,0,0:0:0:0:
204,192,182751,1,0,0:0:0:0:
88,120,182942,1,0,0:0:0:0:
88,120,183037,1,0,0:0:0:0:
224,96,183513,5,0,0:0:0:0:
224,96,183608,1,0,0:0:0:0:
368,152,183799,1,0,0:0:0:0:
368,152,183894,1,0,0:0:0:0:
268,248,184084,1,0,0:0:0:0:
268,248,184179,1,0,0:0:0:0:
116,144,184656,5,0,0:0:0:0:
120,148,184751,1,0,0:0:0:0:
260,76,184941,1,0,0:0:0:0:
260,76,185037,1,0,0:0:0:0:
324,208,185227,1,0,0:0:0:0:
324,208,185322,1,0,0:0:0:0:
132,252,185608,1,0,0:0:0:0:
120,108,185894,1,0,0:0:0:0:
252,108,186179,1,0,0:0:0:0:
348,176,186465,1,0,0:0:0:0:
104,120,186941,5,0,0:0:0:0:
104,120,187036,1,0,0:0:0:0:
252,104,187227,1,0,0:0:0:0:
252,104,187322,1,0,0:0:0:0:
344,192,187512,1,0,0:0:0:0:
344,192,187608,1,0,0:0:0:0:
116,248,188084,5,0,0:0:0:0:
116,248,188179,1,0,0:0:0:0:
156,120,188369,1,0,0:0:0:0:
156,120,188465,1,0,0:0:0:0:
264,212,188655,1,0,0:0:0:0:
264,212,188750,1,0,0:0:0:0:
356,332,189226,5,0,0:0:0:0:
356,332,189322,1,0,0:0:0:0:
448,272,189512,1,0,0:0:0:0:
448,272,189607,1,0,0:0:0:0:
320,200,189798,1,0,0:0:0:0:
320,200,189893,1,0,0:0:0:0:
256,80,190179,2,0,P|228:96|212:132,1,70
288,208,190750,2,0,P|324:200|344:164,1,70
288,72,192178,5,0,0:0:0:0:
152,172,192464,1,0,0:0:0:0:
268,264,192749,1,0,0:0:0:0:
372,160,193035,1,0,0:0:0:0:
268,56,193225,1,0,0:0:0:0:
268,56,193321,1,0,0:0:0:0:
164,168,193511,1,0,0:0:0:0:
164,168,193606,1,0,0:0:0:0:
272,240,193892,2,0,P|300:232|316:192,1,70
308,104,194463,5,0,0:0:0:0:
432,200,194748,1,0,0:0:0:0:
344,300,195034,1,0,0:0:0:0:
236,192,195320,1,0,0:0:0:0:
132,268,195510,1,0,0:0:0:0:
132,268,195605,1,0,0:0:0:0:
100,136,195796,1,0,0:0:0:0:
100,136,195891,1,0,0:0:0:0:
232,120,196177,2,0,P|248:140|248:188,1,70
416,104,196749,5,0,0:0:0:0:
372,244,197034,1,0,0:0:0:0:
236,212,197320,1,0,0:0:0:0:
272,80,197606,1,0,0:0:0:0:
88,68,197796,1,0,0:0:0:0:
88,68,197891,1,0,0:0:0:0:
112,212,198082,1,0,0:0:0:0:
112,212,198177,1,0,0:0:0:0:
256,200,198463,2,0,P|264:172|308:160,1,70
100,320,199034,5,0,0:0:0:0:
216,340,199320,1,0,0:0:0:0:
244,224,199605,1,0,0:0:0:0:
112,188,199891,1,0,0:0:0:0:
216,112,200081,1,0,0:0:0:0:
216,112,200177,1,0,0:0:0:0:
336,128,200367,1,0,0:0:0:0:
336,128,200462,1,0,0:0:0:0:
296,244,200748,2,0,P|272:248|224:216,1,70
100,80,201319,5,0,0:0:0:0:
304,96,201605,1,0,0:0:0:0:
288,260,201891,1,0,0:0:0:0:
84,232,202176,1,0,0:0:0:0:
208,44,202462,1,0,0:0:0:0:
396,200,202748,1,0,0:0:0:0:
200,332,203033,1,0,0:0:0:0:
44,136,203319,1,0,0:0:0:0:
408,64,203605,1,0,0:0:0:0:
344,300,203890,1,0,0:0:0:0:
80,252,204176,5,0,0:0:0:0:
160,96,204462,1,0,0:0:0:0:
340,80,204747,1,0,0:0:0:0:
396,216,205033,1,0,0:0:0:0:
220,296,205319,1,0,0:0:0:0:
96,144,205604,1,0,0:0:0:0:
96,284,205890,1,0,0:0:0:0:
240,112,206175,1,0,0:0:0:0:
352,288,206461,1,0,0:0:0:0:
76,180,206747,1,0,0:0:0:0:
328,120,207032,5,0,0:0:0:0:
472,252,207318,1,0,0:0:0:0:
464,48,207604,1,0,0:0:0:0:
236,248,207889,1,0,0:0:0:0:
64,56,208175,5,0,0:0:0:0:
152,292,208461,1,0,0:0:0:0:
256,60,208746,1,0,0:0:0:0:
396,304,209032,1,0,0:0:0:0:
460,56,209318,1,0,0:0:0:0:
