[Events]
//Background and Video events
//Storyboard Layer 0 (Background)
Sprite,Background,TopLeft,"313076.jpg",0,0
Sprite,Background,Centre,"SB\Cutie001.jpg",320,240
 M,0,0,,320,240
 F,0,0,435,0,1
 F,0,435,15198,1
 F,0,15198,15667,1,0
Sprite,Background,Centre,"SB\Cutie002.jpg",320,240
 F,0,15666,16370,0,1
 M,0,15667,,320,240
 S,0,15667,,1.008259
 F,0,16370,29492,1
 F,0,29492,30430,1,0
 F,0,30430,,0
Sprite,Background,Centre,"SB\Cutie006.jpg",320,240
 F,0,30898,30899,0
 M,0,30899,,320,240
 S,0,30899,,0.9999996
 F,0,30899,31836,0,1
 F,0,31836,51989,1
 F,0,51989,52926,1,0
 F,0,52926,,0
Sprite,Background,Centre,"SB\Cutie005.jpg",320,240
 M,0,52927,,320,240
 S,0,52927,,1
 F,0,52927,53629,0.1452903,1
 F,0,53629,59956,1
 F,0,59956,60660,1,0
Sprite,Background,Centre,"SB\Cutie004.jpg",320,240
 F,0,66753,67690,0,1
 M,0,66987,,320,240
 S,0,66987,,1
 F,0,67690,96983,1
 F,0,96983,97919,1,0
Sprite,Background,Centre,"SB\Cutie003.jpg",320,240
 M,0,97920,,320,240
 F,0,97920,,0
 S,0,97920,,1
 F,0,97920,98622,0,1
 F,0,98622,123228,1
 F,0,123228,124165,1,0
 F,0,124165,124166,0,1
//Storyboard Layer 1 (Fail)
//Storyboard Layer 2 (Pass)
//Storyboard Layer 3 (Foreground)
Sprite,Foreground,Centre,"SB\Lyrics\diff.png",320,240
 M,0,7699,,85,385
 F,0,7699,8871,0,1
 F,0,8871,14495,1
 F,0,14495,15432,1,0
Sprite,Foreground,Centre,"SB\Lyrics\1.png",320,240
 M,0,16265,22228,141,434,155,432
 F,0,16265,22228,0.8460966,1
 F,0,22228,22462,1,0.2320001
Sprite,Foreground,Centre,"SB\Lyrics\2.png",320,240
 F,0,22697,22931,0,1
 F,0,22931,23165,1
 M,0,22931,29562,138,434,151,432
 F,0,23165,29562,1
 F,0,29562,29961,1,0
Sprite,Foreground,Centre,"SB\Lyrics\3.png",320,240
 F,0,30430,30664,0,1
 S,0,30664,,1
 M,0,30664,36975,143,431,168,430
 F,0,30664,36975,1
 F,0,36975,37226,1,0
Sprite,Foreground,Centre,"SB\Lyrics\4.png",320,240
 F,0,37929,38163,0,1
 M,0,38163,44068,139,435,159,431
 F,0,38163,44068,1
 F,0,44068,44256,1,0
Sprite,Foreground,Centre,"SB\Lyrics\5.png",320,240
 F,0,45193,45428,0
 F,0,45428,45896,0,0.6479358
 M,0,45428,48129,111,29,514,31
 F,0,45896,46365,0.6479358,1
 F,0,46365,47771,1
 F,0,47771,48129,1,0.4453333
 F,0,48129,48474,0.4453333,0
Sprite,Foreground,Centre,"SB\Lyrics\5.png",320,240
 F,0,48943,49177,0
 F,0,49177,49646,0,0.235141
 M,0,49177,51868,112,447,532,451
 F,0,49646,49880,0.235141,1
 F,0,49880,51521,1,0.5253336
 F,0,51521,51868,0.5253336,0
 F,0,51868,52224,0
Sprite,Foreground,Centre,"SB\Lyrics\7.png",320,240
 F,0,68159,68393,0,1
 M,0,68393,74720,149,421,181,428
 F,0,68393,74720,1
 F,0,74720,74955,1,0
Sprite,Foreground,Centre,"SB\Lyrics\6.png",320,240
 M,0,60660,,303,246
 F,0,60660,60894,0,1
 F,0,60894,66753,1
 F,0,66753,66987,1,0
Sprite,Foreground,Centre,"SB\Lyrics\3.png",320,240
 F,0,75189,75423,0,1
 M,0,75423,82300,152,429,179,433
 F,0,75423,82300,1
 F,0,82300,82454,1,0
Sprite,Foreground,Centre,"SB\Lyrics\4.png",320,240
 F,0,82922,83157,0,1
 M,0,83157,89484,141,434,176,430
 F,0,83157,89484,1
 F,0,89484,89718,1,0
Sprite,Foreground,Centre,"SB\Lyrics\5.png",320,240
 F,0,89952,90187,0,1
 F,0,90187,92999,1
 M,0,90187,96983,120,442,499,439
 F,0,92999,93233,1,0.02967791
 F,0,93233,93936,0.02967791,0
 F,0,93936,94171,0,1
 F,0,94171,96983,1
 F,0,96983,97217,1,0
Sprite,Foreground,Centre,"313076.jpg",320,240
 M,0,124234,,320,240
 F,0,124234,125015,0,1
 F,0,125015,139078,1
 F,0,139078,143765,1,0
Sprite,Foreground,Centre,"SB\Lyrics\5.png",320,240
 F,0,123932,124166,0,1
 M,0,123932,127212,433,415,432,417
 F,0,124166,125953,1
 F,0,125953,126744,1
 F,0,126744,126978,1,0
 F,0,126978,131431,0
 M,0,127212,131431,432,417,167,93
 M,0,131431,131665,167,93
 F,0,131431,131665,0,1
 M,0,131665,134477,167,93
 F,0,131665,134477,1
 M,0,134477,134946,167,93
 F,0,134477,134946,1,0
 M,0,134946,136820,167,93,287,246
 F,0,134946,138929,0
 M,0,136820,139164,287,246,324,263
 F,0,138929,139398,0,1
 F,0,139398,142913,1
 F,0,142913,143851,1
 F,0,143851,145022,1,0
//Storyboard Sound Samples
