[Events]
//Background and Video events
//Storyboard Layer 0 (Background)
Sprite,Background,Centre,"bg.jpg",320,240
//Storyboard Layer 1 (Fail)
//Storyboard Layer 2 (Pass)
//Storyboard Layer 3 (Foreground)
Sprite,Foreground,Centre,"SB\hh.jpg",320,240
 F,0,99711,111419,1
 M,0,99711,112150,225,179,322,235
 S,0,99711,112150,1.115613,0.9174191
 F,0,111419,112150,1,0
Sprite,Foreground,Centre,"SB\gg.jpg",320,240
 M,0,88736,,309,246
 F,0,88736,99711,1
 S,0,88736,100077,0.9421934,1.262189
 F,0,99711,,1
 F,0,99711,100077,1,0
 S,0,100077,,1.262189
Sprite,Foreground,Centre,"SB\ff.jpg",320,240
 M,0,77760,89467,378,239,248,239
 F,0,88736,89467,1,0
Sprite,Foreground,Centre,"SB\ee.jpg",320,240
 M,0,67516,78492,248,238,387,238
 F,0,77760,78492,1,0
Sprite,Foreground,Centre,"SB\bg.jpg",320,240
 M,0,55809,,320,236
 S,0,55809,,0.9174193
 F,0,55809,56541,1
 F,0,56541,67517,1
 F,0,67517,68248,1,0
Sprite,Foreground,Centre,"SB\cc.jpg",320,240
 F,0,44833,55809,1
 M,0,44833,56541,273,204,325,237
 S,0,44833,56541,1.074322,0.9174191
 F,0,55809,56541,1,0
Sprite,Foreground,Centre,"SB\dd.jpg",320,240
 F,0,34589,44833,1
 M,0,34589,45565,321,238,315,297
 S,0,34589,45565,0.9174193,1.132129
 F,0,44833,45565,1,0
Sprite,Foreground,Centre,"SB\bb.jpg",320,240
 M,0,22882,35321,248,238,386,238
 F,0,34589,35321,1,0
Sprite,Foreground,Centre,"SB\aa.jpg",320,240
 M,0,11907,23614,391,238,248,238
 F,0,22882,23614,1,0
Sprite,Foreground,Centre,"SB\bg.jpg",320,240
 S,0,199,,0.9174193
 F,0,199,931,0,1
 F,0,931,11907,1
 F,0,11907,12638,1,0
Sprite,Foreground,Centre,"SB\bg.jpg",320,240
 M,0,111419,,320,236
 S,0,111419,,0.9174193
 F,0,111419,112151,0,1
 F,0,112151,123127,1
 F,0,123127,131175,1
 F,0,131175,131907,1,0
Sprite,Foreground,Centre,"SB\aa.jpg",320,240
 M,0,22150,22882,265,237,258,237
 F,0,22150,22882,1,0
 S,0,22150,22882,1,1.189935
Sprite,Foreground,Centre,"SB\bb.jpg",320,240
 M,0,33858,34589,370,238,377,238
 F,0,33858,34589,1,0
 S,0,33858,34589,1,1.206452
Sprite,Foreground,Centre,"SB\cc.jpg",320,240
 M,0,55809,56541,321,234
 F,0,55809,56541,1,0
 S,0,55809,56541,0.9256775,1.189935
Sprite,Foreground,Centre,"SB\ee1.jpg",320,240
 F,0,76297,76663,0,1
 M,0,76297,78492,359,238,385,239
 F,0,76663,77760,1
 F,0,77760,78492,1,0
 S,0,77760,78492,1,1.280774
Sprite,Foreground,Centre,"SB\bg1.jpg",320,240
 M,0,59467,,320,236
 F,0,59467,60199,1,0
 S,0,59467,60199,0.9174194,1.099097
Sprite,Foreground,Centre,"SB\bg1.jpg",320,240
 M,0,60931,,320,236
 F,0,60931,61663,1,0
 S,0,60931,61663,0.9174194,1.099097
Sprite,Foreground,Centre,"SB\bg1.jpg",320,240
 M,0,65321,,320,236
 F,0,65321,66053,1,0
 S,0,65321,66053,0.9174194,1.099097
Sprite,Foreground,Centre,"SB\bg1.jpg",320,240
 M,0,62394,,320,236
 F,0,62394,63126,1,0
 S,0,62394,63126,0.9174194,1.099097
Sprite,Foreground,Centre,"SB\bg1.jpg",320,240
 M,0,66785,,320,236
 F,0,66785,67517,1,0
 S,0,66785,67517,0.9174194,1.099097
Sprite,Foreground,Centre,"SB\bg1.jpg",320,240
 M,0,63858,,320,236
 F,0,63858,64590,1,0
 S,0,63858,64590,0.9174194,1.099097
Sprite,Foreground,Centre,"SB\win1.png",320,240
 R,1,58004,59467,0,0.132129
 MX,1,58004,59467,150,35
 MY,0,58004,68980,-162,623
 S,0,59467,,1
 MX,2,59467,60931,35,150
 R,1,59467,62394,0.132129,-0.09909622
 MX,1,60931,62394,150,265
 F,0,61725,,0.6655484
 M,0,62394,,267,128
 MX,2,62394,63858,265,150
 R,1,62394,65321,-0.09909622,0.06606427
 MX,1,63858,65321,150,35
 MX,2,65321,66784,35,150
 R,1,65321,68248,0.06606427,-0.1156136
 MX,1,66784,68248,150,265
 MX,2,68248,68980,265,206
Sprite,Foreground,Centre,"SB\win1.png",320,240
 R,1,61663,63126,0,0.132129
 MX,1,61663,63126,150,35
 MY,0,61663,72639,-162,623
 S,0,63126,,1
 MX,2,63126,64590,35,150
 R,1,63126,66053,0.132129,-0.09909622
 MX,1,64590,66053,150,265
 F,0,65384,,0.6655484
 M,0,66053,,267,128
 MX,2,66053,67517,265,150
 R,1,66053,68980,-0.09909622,0.06606427
 MX,1,67517,68980,150,35
 MX,2,68980,70443,35,150
 R,1,68980,71907,0.06606427,-0.1156136
 MX,1,70443,71907,150,265
 MX,2,71907,72639,265,206
Sprite,Foreground,Centre,"SB\win1.png",320,240
 R,1,101175,102638,0,0.132129
 MX,1,101175,102638,150,35
 MY,0,101175,112151,-162,623
 S,0,102638,,1
 MX,2,102638,104102,35,150
 R,1,102638,105565,0.132129,-0.09909622
 MX,1,104102,105565,150,265
 F,0,104896,,0.6655484
 M,0,105565,,267,128
 MX,2,105565,107029,265,150
 R,1,105565,108492,-0.09909622,0.06606427
 MX,1,107029,108492,150,35
 MX,2,108492,109955,35,150
 R,1,108492,111419,0.06606427,-0.1156136
 MX,1,109955,111419,150,265
 MX,2,111419,112151,265,206
Sprite,Foreground,Centre,"SB\win1.png",320,240
 R,1,104833,106296,0,0.132129
 MX,1,104833,106296,150,35
 MY,0,104833,115809,-162,623
 S,0,106296,,1
 MX,2,106296,107760,35,150
 R,1,106296,109223,0.132129,-0.09909622
 MX,1,107760,109223,150,265
 F,0,108554,,0.6655484
 M,0,109223,,267,128
 MX,2,109223,110687,265,150
 R,1,109223,112150,-0.09909622,0.06606427
 MX,1,110687,112150,150,35
 MX,2,112150,113613,35,150
 R,1,112150,115077,0.06606427,-0.1156136
 MX,1,113613,115077,150,265
 MX,2,115077,115809,265,206
Sprite,Foreground,Centre,"SB\win2.png",320,240
 R,0,57272,58735,0.04954838,-0.1156129
 MX,1,57272,58735,485,600
 MY,0,57272,68248,-162,623
 S,0,58735,,1
 MX,2,58735,60199,600,485
 R,0,58735,61662,-0.1156129,0.1156133
 MX,1,60199,61662,485,370
 F,0,60993,,0.6655484
 M,0,61662,,267,128
 MX,2,61662,63126,370,485
 R,0,61662,64589,0.1156133,-0.1981941
 MX,1,63126,64589,485,600
 MX,2,64589,66052,600,485
 R,0,64589,67516,-0.1981941,0.1156126
 MX,1,66052,67516,485,370
 MX,2,67516,68248,370,420
Sprite,Foreground,Centre,"SB\win2.png",320,240
 R,0,60931,62394,0.04954838,-0.1156129
 MX,1,60931,62394,485,600
 MY,0,60931,71907,-162,623
 S,0,62394,,1
 MX,2,62394,63858,600,485
 R,0,62394,65321,-0.1156129,0.1156133
 MX,1,63858,65321,485,370
 F,0,64652,,0.6655484
 M,0,65321,,267,128
 MX,2,65321,66785,370,485
 R,0,65321,68248,0.1156133,-0.1981941
 MX,1,66785,68248,485,600
 MX,2,68248,69711,600,485
 R,0,68248,71175,-0.1981941,0.1156126
 MX,1,69711,71175,485,370
 MX,2,71175,71907,370,420
Sprite,Foreground,Centre,"SB\win2.png",320,240
 R,0,103370,104833,0.04954838,-0.1156129
 MX,1,103370,104833,485,600
 MY,0,103370,114346,-162,623
 S,0,104833,,1
 MX,2,104833,106297,600,485
 R,0,104833,107760,-0.1156129,0.1156133
 MX,1,106297,107760,485,370
 F,0,107091,,0.6655484
 M,0,107760,,267,128
 MX,2,107760,109224,370,485
 R,0,107760,110687,0.1156133,-0.1981941
 MX,1,109224,110687,485,600
 MX,2,110687,112150,600,485
 R,0,110687,113614,-0.1981941,0.1156126
 MX,1,112150,113614,485,370
 MX,2,113614,114346,370,420
Sprite,Foreground,Centre,"SB\win2.png",320,240
 R,0,107028,108491,0.04954838,-0.1156129
 MX,1,107028,108491,485,600
 MY,0,107028,118004,-162,623
 S,0,108491,,1
 MX,2,108491,109955,600,485
 R,0,108491,111418,-0.1156129,0.1156133
 MX,1,109955,111418,485,370
 F,0,110749,,0.6655484
 M,0,111418,,267,128
 MX,2,111418,112882,370,485
 R,0,111418,114345,0.1156133,-0.1981941
 MX,1,112882,114345,485,600
 MX,2,114345,115808,600,485
 R,0,114345,117272,-0.1981941,0.1156126
 MX,1,115808,117272,485,370
 MX,2,117272,118004,370,420
Sprite,Foreground,Centre,"SB\sb1.png",320,240
 S,0,58004,,3.593032
 F,0,58004,58553,0,0.5
 R,0,58004,66053,-0.3138061,1.602064
 F,0,58553,65321,0.5
 F,0,65321,66053,0.5,0
Sprite,Foreground,Centre,"SB\sb1.png",320,240
 M,0,35321,,321,238
 S,0,35321,,3.60129
 F,0,35321,36053,0,0.5
 R,0,35321,44833,3.732645,6.408257
 F,0,36053,44102,0.5
 F,0,44102,44833,0.5,0
Sprite,Foreground,Centre,"SB\sb1.png",320,240
 M,0,45565,,317,230
 S,0,45565,,3.650838
 F,0,45565,46297,0,0.5
 R,0,45565,66785,1.156129,-5.020903
 F,0,46297,66053,0.5
 F,0,66053,66785,0.5,0
Sprite,Foreground,Centre,"SB\sb1.png",320,240
 M,0,79224,,321,238
 S,0,79224,,3.60129
 F,0,79224,79956,0,0.5
 R,0,79224,88736,3.732645,6.408257
 F,0,79956,88005,0.5
 F,0,88005,88736,0.5,0
Sprite,Foreground,Centre,"SB\sb1.png",320,240
 M,0,90931,,317,230
 S,0,90931,,3.650838
 F,0,90931,91663,0,0.5
 R,0,90931,99711,1.156129,-1.186893
 F,0,91663,98980,0.5
 F,0,98980,,0.5
 F,0,98980,99711,0.5,0
Sprite,Foreground,Centre,"SB\bg1.jpg",320,240
 M,0,121480,,320,236
 F,0,121491,122039,0,1
 S,0,121491,126079,0.9174193
 F,0,122039,126079,1
 F,0,126079,126796,1,0
 S,0,126079,126796,0.9174193,1.181678
Sprite,Foreground,Centre,"SB\wing.png",320,240
 F,0,79224,79772,0.5953551,0
 S,0,79224,79772,1.487226,2.337806
Sprite,Foreground,Centre,"SB\light.png",320,240
 S,0,82150,,2.131355
 F,0,82150,82515,1,0
Sprite,Foreground,Centre,"SB\light.png",320,240
 S,0,85077,,2.131355
 F,0,85077,85442,1,0
Sprite,Foreground,Centre,"SB\light.png",320,240
 S,0,93858,,2.131355
 F,0,93858,94223,1,0
Sprite,Foreground,Centre,"SB\light.png",320,240
 S,0,96785,,2.131355
 F,0,96785,97150,1,0
Sprite,Foreground,Centre,"SB\light.png",320,240
 S,0,78492,,2.131355
 F,0,78492,78857,0
 F,0,78857,78858,0
 F,0,78858,79224,0,1
 F,0,79224,79589,1,0
Sprite,Foreground,Centre,"SB\light.png",320,240
 S,0,90199,,2.131355
 F,0,90199,90564,0
 F,0,90564,90565,0
 F,0,90565,90931,0,1
 F,0,90931,91296,1,0
Sprite,Foreground,Centre,"SB\gg.jpg",320,240
 M,0,99711,,309,246
 F,0,99711,100077,0.4595967,0
 S,0,99711,100077,1.247742,1.668903
Sprite,Foreground,Centre,"SB\wing.png",320,240
 F,0,90931,91479,0.5953551,0
 S,0,90931,91479,1.487226,2.337806
Sprite,Foreground,Centre,"SB\wing.png",320,240
 F,0,111419,111967,0.5953551,0
 S,0,111419,111967,1.487226,2.337806
Sprite,Foreground,Centre,"SB\l1.png",320,240
 S,0,11907,,0.38
 F,0,11907,12272,0,0.7
 M,0,11907,16663,74,377,173,377
 F,0,12272,16297,0.7
 F,0,16297,16663,0.7,0
Sprite,Foreground,Centre,"SB\l2.png",320,240
 S,0,14102,,0.38
 F,0,14102,14467,0,0.7
 M,0,14102,16663,322,410,261,410
 F,0,14467,16297,0.7
 F,0,16297,16663,0.7,0
Sprite,Foreground,Centre,"SB\l3.png",320,240
 S,0,17028,,0.38
 F,0,17028,17394,0,0.7
 M,0,17028,22516,317,142,213,140
 F,0,17394,22150,0.7
 F,0,22150,22516,0.7,0
Sprite,Foreground,Centre,"SB\l4.png",320,240
 S,0,19955,,0.38
 F,0,19955,20321,0,0.7
 M,0,19955,22516,104,178,144,181
 F,0,20321,22150,0.7
 F,0,22150,22516,0.7,0
Sprite,Foreground,Centre,"SB\l5.png",320,240
 S,0,22882,,0.38
 F,0,22882,23248,0,0.7
 M,0,22882,28370,523,112,429,112
 F,0,23248,28004,0.7
 F,0,28004,28370,0.7,0
Sprite,Foreground,Centre,"SB\l6.png",320,240
 S,0,25809,,0.38
 F,0,25809,26175,0,0.7
 M,0,25809,28370,284,149,338,147
 F,0,26175,28004,0.7
 F,0,28004,28370,0.7,0
Sprite,Foreground,Centre,"SB\l7.png",320,240
 S,0,28736,,0.38
 F,0,28736,29102,0,0.7
 M,0,28736,34224,510,257,407,256
 F,0,29102,33858,0.7
 F,0,33858,34224,0.7,0
Sprite,Foreground,Centre,"SB\l8.png",320,240
 S,0,31663,,0.38
 F,0,31663,32028,0,0.7
 M,0,31663,34224,495,292,551,293
 F,0,32028,33858,0.7
 F,0,33858,34224,0.7,0
Sprite,Foreground,Centre,"SB\l9.png",320,240
 S,0,34589,,0.38
 F,0,34589,34955,0,0.7
 M,0,34589,38980,566,81,439,84
 F,0,34955,38614,0.7
 F,0,38614,38980,0.7,0
Sprite,Foreground,Centre,"SB\l1o.png",320,240
 S,0,36419,,0.38
 F,0,36419,36785,0,0.7
 M,0,36419,38980,307,125,367,127
 F,0,36785,38614,0.7
 F,0,38614,38980,0.7,0
Sprite,Foreground,Centre,"SB\l11.png",320,240
 S,0,39346,,0.38
 F,0,39346,39711,0,0.7
 M,0,39346,44833,538,329,426,329
 F,0,39711,44467,0.7
 F,0,44467,44833,0.7,0
Sprite,Foreground,Centre,"SB\l12.png",320,240
 S,0,42272,,0.38
 F,0,42272,42638,0,0.7
 M,0,42272,44833,345,374,403,376
 F,0,42638,44467,0.7
 F,0,44467,44833,0.7,0
Sprite,Foreground,Centre,"SB\l13.png",320,240
 S,0,45199,,0.38
 F,0,45199,45565,0,0.7
 M,0,45199,50687,189,344,308,343
 F,0,45565,50321,0.7
 F,0,50321,50687,0.7,0
Sprite,Foreground,Centre,"SB\l14.png",320,240
 S,0,48126,,0.38
 F,0,48126,48492,0,0.7
 M,0,48126,50687,513,383,468,381
 F,0,48492,50321,0.7
 F,0,50321,50687,0.7,0
Sprite,Foreground,Centre,"SB\l15.png",320,240
 S,0,51053,,0.38
 F,0,51053,51419,0,0.7
 M,0,51053,58370,278,162,454,164
 F,0,51419,58004,0.7
 F,0,58004,58370,0.7,0
Sprite,Foreground,Centre,"SB\l16.png",320,240
 S,0,53980,,0.38
 F,0,53980,54346,0,0.7
 M,0,53980,58370,566,204,462,202
 F,0,54346,58004,0.7
 F,0,58004,58370,0.7,0
Sprite,Foreground,Centre,"SB\l17.png",320,240
 S,0,67882,,0.38
 F,0,67882,68248,0,0.7
 M,0,67882,75565,472,330,345,330
 F,0,68248,75199,0.7
 F,0,75199,75565,0.7,0
Sprite,Foreground,Centre,"SB\l18.png",320,240
 S,0,72272,,0.38
 F,0,72272,72638,0,0.7
 M,0,72272,75565,357,372,427,372
 F,0,72638,75199,0.7
 F,0,75199,75565,0.7,0
Sprite,Foreground,Centre,"SB\l19.png",320,240
 S,0,75931,,0.38
 F,0,75931,76297,0,0.7
 M,0,75931,78126,391,219,443,219
 F,0,76297,77760,0.7
 F,0,77760,78126,0.7,0
Sprite,Foreground,Centre,"SB\l2o.png",320,240
 S,0,78492,,0.38
 F,0,78492,78858,0,0.7
 M,0,78492,82882,679,156,580,156
 F,0,78858,82516,0.7
 F,0,82516,82882,0.7,0
Sprite,Foreground,Centre,"SB\l21.png",320,240
 S,0,80321,,0.38
 F,0,80321,80687,0,0.7
 M,0,80321,82882,460,197,515,197
 F,0,80687,82516,0.7
 F,0,82516,82882,0.7,0
Sprite,Foreground,Centre,"SB\l22.png",320,240
 S,0,83248,,0.38
 F,0,83248,83614,0,0.7
 M,0,83248,88736,268,345,135,347
 F,0,83614,88370,0.7
 F,0,88370,88736,0.7,0
Sprite,Foreground,Centre,"SB\l23.png",320,240
 S,0,86175,,0.38
 F,0,86175,86541,0,0.7
 M,0,86175,88736,260,387,315,388
 F,0,86541,88370,0.7
 F,0,88370,88736,0.7,0
Sprite,Foreground,Centre,"SB\l24.png",320,240
 S,0,89102,,0.38
 F,0,89102,89467,0,0.7
 M,0,89102,94589,296,105,447,107
 F,0,89467,94224,0.7
 F,0,94224,94589,0.7,0
Sprite,Foreground,Centre,"SB\l25.png",320,240
 S,0,92028,,0.38
 F,0,92028,92394,0,0.7
 M,0,92028,94589,527,149,475,147
 F,0,92394,94224,0.7
 F,0,94224,94589,0.7,0
Sprite,Foreground,Centre,"SB\l26.png",320,240
 S,0,94955,,0.38
 F,0,94955,95321,0,0.7
 M,0,94955,101175,113,361,263,362
 F,0,95321,100809,0.7
 F,0,100809,101175,0.7,0
Sprite,Foreground,Centre,"SB\l27.png",320,240
 S,0,97882,,0.38
 F,0,97882,98248,0,0.7
 M,0,97882,101175,337,403,267,403
 F,0,98248,100809,0.7
 F,0,100809,101175,0.7,0
Sprite,Foreground,Centre,"SB\l28.png",320,240
 S,0,102638,,0.38
 F,0,102638,103004,0,0.7
 M,0,102638,109955,186,307,356,304
 F,0,103004,109589,0.7
 F,0,109589,109955,0.7,0
Sprite,Foreground,Centre,"SB\l29.png",320,240
 S,0,105565,,0.38
 F,0,105565,105931,0,0.7
 M,0,105565,109955,242,349,190,350
 F,0,105931,109589,0.7
 F,0,109589,109955,0.7,0
Sprite,Foreground,Centre,"SB\l30.png",320,240
 S,0,110687,,0.38
 F,0,110687,111053,0,0.7
 M,0,110687,114346,312,292,240,290
 F,0,111053,113980,0.7
 F,0,113980,114346,0.7,0
Sprite,Foreground,Centre,"SB\end.png",320,240
 M,0,126053,,562,356
 S,0,126053,,0.7027093
 F,0,126053,126785,0,1
 F,0,126785,131175,1
 F,0,131175,131907,1,0
//Storyboard Sound Samples
